1.355168068235283914e-02 8.171585910822730045e-03 1.820174585913971453e-04 -9.402285768980000579e-04 -2.396475287273585036e-04 2.418766785568549917e-04 2.425060818383130347e-04 2.427647042479264092e-04 -2.428951451119698557e-04 -2.429757880412161686e-04 -2.430396443898536938e-04 -2.431040882523707522e-04 -2.431809713831394927e-04 -2.432812831761394965e-04 -2.434186134358004940e-04 -2.436138427841787353e-04 -2.439049295569772099e-04 -2.443738004898334220e-04 -2.452449007293471591e-04 -2.474723940438450166e-04 -2.713172320514686212e-04 -2.387753247861094008e-04 -2.419563144609584516e-04 -2.428963093303713355e-04 -2.434184887816303699e-04 -2.438566044082618337e-04 -2.443752680459977417e-04 -2.452033484353197037e-04 -2.470833147439346292e-04 -2.575765787284519086e-04 -2.328019862674600448e-04 -2.390209350744007478e-04 -2.402715321666864677e-04 -2.406517242192187853e-04 -2.403173361068167320e-04 2.435767114787829935e-04 2.421082990420356479e-04 2.419454521641610685e-04 2.418754909589299073e-04 2.418024362169541057e-04 2.416576358010307955e-04 2.410769791818691125e-04 2.440866292194736374e-04 2.426357380539980141e-04 2.424698065446146908e-04 2.424356145330046894e-04 2.424478874270225373e-04 2.424851372338619087e-04 2.425343971506965584e-04 2.425483920652289789e-04 2.434829448010320310e-04 2.431077389077966860e-04 -2.432741320153843578e-04 -2.435482365921177843e-04 -2.440179225551881591e-04 -2.459243857578079250e-04 -2.428098970528277164e-04 -2.439304106562924224e-04 -2.445687253014216991e-04 -2.452101150749039162e-04 -2.459460160416611428e-04 -2.468337535846017975e-04 -2.479392132986684674e-04 -2.494000099497445237e-04 -2.492976455397644879e-04 -2.489664106123708610e-04 2.613087646976772769e-04 2.665023879178429799e-04 2.786738175886046805e-04 3.115010549768497850e-04 3.548348974436361675e-04 -9.266538737104600121e-05 -1.847298841852814549e-04 -2.066831826073836545e-04 -2.332771897294681621e-04 -2.084179870331709014e-04 -2.156576708825538955e-04 2.458777709422366761e-04 2.183555573727055448e-04 2.198090206868947248e-04 2.205329922087187326e-04 2.213912244629573714e-04 2.207148241640736585e-04 2.205932712293038212e-04 2.201580895964611116e-04
8.171585910822730045e-03 6.209274899361178282e-03 8.831046037338413559e-04 -5.865813179624673095e-04 -2.994994810136248188e-04 3.010225353398319993e-04 3.015168706374017366e-04 3.017626534049967909e-04 -3.019179602120205348e-04 -3.020356557338423108e-04 -3.021390089341622091e-04 -3.022409381798907692e-04 -3.023507391265983085e-04 -3.024773474501113771e-04 -3.026319565991700852e-04 -3.028317655939727002e-04 -3.031079426529457695e-04 -3.035275650871829345e-04 -3.042738626184716944e-04 -3.061214498946855439e-04 -3.246578642977621088e-04 -2.990008797596265889e-04 -3.016618582468850703e-04 -3.024499192671630866e-04 -3.028827866826239688e-04 -3.032312179803130507e-04 -3.036187866244978721e-04 -3.042014980289419628e-04 -3.054670436605699184e-04 -3.123456812816045414e-04 -2.962274201851098862e-04 -3.003323187182723657e-04 -3.012064220323541481e-04 -3.015486267481851503e-04 -3.016187255125710523e-04 3.024163609719438092e-04 3.021618097301571209e-04 3.021711320614569349e-04 3.021873894766716564e-04 3.021887392800376329e-04 3.021464892705135255e-04 3.018714656909100391e-04 3.034891405277461178e-04 3.027541946839578876e-04 3.026971696408872672e-04 3.027107281959312145e-04 3.027505713834060977e-04 3.028063354457772487e-04 3.028732729012780173e-04 3.029361826487203275e-04 3.033184246741976210e-04 3.032724644200217464e-04 -3.034265343434061971e-04 -3.036480416263665286e-04 -3.040146492029564959e-04 -3.055039251576461222e-04 -3.030391458651504806e-04 -3.038922337392124980e-04 -3.043562319293528773e-04 -3.048094715172760313e-04 -3.053205814874439001e-04 -3.059307570619058882e-04 -3.066882170624219122e-04 -3.077045217463709949e-04 -3.074262817306864354e-04 -3.078601808192110278e-04 3.149592885827050596e-04 3.184603081938502792e-04 3.263005875981996604e-04 3.475049706285493760e-04 3.459296922737525653e-04 -2.075974687817768631e-04 -2.668020680222474598e-04 -2.809789658312950196e-04 -2.997172600443462624e-04 -2.809880329922661191e-04 -2.860367062441713094e-04 3.035329093131260646e-04 2.881275347113387928e-04 2.891237275570430034e-04 2.896698191052127420e-04 2.902980736131316269e-04 2.899699579067941432e-04 2.899934104403060369e-04 2.898108986950235556e-04
1.820174585913971453e-04 8.831046037338413559e-04 8.116926205155750463e-04 1.639830360349772806e-04 -9.264363908362830335e-05 9.233552917420569160e-05 9.229203587972459625e-05 9.230569459137639087e-05 -9.233801167741293868e-05 -9.237784004193569777e-05 -9.242141726497628924e-05 -9.246760763281288841e-05 -9.251648021941575304e-05 -9.256890645528398733e-05 -9.262662850052375072e-05 -9.269278766792404844e-05 -9.277338312896289598e-05 -9.288151075185581472e-05 -9.305296438085467652e-05 -9.343785053897137255e-05 -9.678099639327670243e-05 -9.206696667281459904e-05 -9.262200718132375453e-05 -9.279681171949547664e-05 -9.289763572606691048e-05 -9.297689972851503823e-05 -9.305528906352147391e-05 -9.315328897457493518e-05 -9.332752969817548195e-05 -9.413427279054730260e-05 -9.234830908939619884e-05 -9.285100228621426385e-05 -9.299732042424296993e-05 -9.311011294354756178e-05 -9.333392884936184152e-05 9.246297069751119161e-05 9.295256858896742687e-05 9.304482846680076243e-05 9.309954629768910366e-05 9.314456374048504014e-05 9.319047570620708570e-05 9.326566130352018623e-05 9.308314751728860299e-05 9.322073371042021112e-05 9.326699385825824883e-05 9.330538404338548737e-05 9.334272270802772904e-05 9.338158580646546247e-05 9.342514912829717527e-05 9.348723338541855654e-05 9.330399860778837711e-05 9.349931166925372632e-05 -9.356279486293164218e-05 -9.362932069786405141e-05 -9.372322076155166850e-05 -9.406455377398791453e-05 -9.352013300066526263e-05 -9.371045265919656622e-05 -9.380972356706778923e-05 -9.390069525318989121e-05 -9.399707010108550103e-05 -9.410588832221813331e-05 -9.423476156514256545e-05 -9.439960429142224205e-05 -9.445617268043984425e-05 -9.482538326443608518e-05 9.512019891488639070e-05 9.567956796545966033e-05 9.668676735948182675e-05 9.941703958492733673e-05 7.520597606807183561e-05 -8.329050909918876038e-05 -8.992188809423131519e-05 -9.164966324965286102e-05 -9.488853212961217401e-05 -9.100751221048541582e-05 -9.180704969846085204e-05 8.911728648000034707e-05 9.254032219924218574e-05 9.265453594310086379e-05 9.277070020558320670e-05 9.282583631260990975e-05 9.299228627143821561e-05 9.307634844309176406e-05 9.313784581376120613e-05
-9.402285768980000579e-04 -5.865813179624673095e-04 1.639830360349772806e-04 3.494298637288526595e-04 1.678244643708125391e-04 -1.686379046385162424e-04 -1.688549999798309752e-04 -1.689316600326617578e-04 1.689574410694066268e-04 1.689607829837369102e-04 1.689530473145271132e-04 1.689394354598812919e-04 1.689225410649576283e-04 1.689037142951608399e-04 1.688836368954624377e-04 1.688625505621209691e-04 1.688402490470828591e-04 1.688156520832921506e-04 1.687845806860858067e-04 1.687211723506211198e-04 1.666084833021099225e-04 1.687384426967689555e-04 1.687358044413922865e-04 1.687157029654151260e-04 1.686968594315620487e-04 1.686800914116029959e-04 1.686663808745728890e-04 1.686588297139653093e-04 1.686698161154028854e-04 1.688273094014953925e-04 1.683689497164074977e-04 1.684572740870241849e-04 1.684516351746287314e-04 1.684209789013259555e-04 1.683283204390903607e-04 -1.687014234976200525e-04 -1.684864955216042713e-04 -1.684386046456123626e-04 -1.684043948791843462e-04 -1.683709502987106423e-04 -1.683294586827239852e-04 -1.682369296838877011e-04 -1.685617309287795935e-04 -1.683667663763210810e-04 -1.683198606887572701e-04 -1.682867201478740809e-04 -1.682570621191653603e-04 -1.682279272287018736e-04 -1.681970617841984739e-04 -1.681565221901339417e-04 -1.682548527754369413e-04 -1.681426171115011454e-04 1.681064684826242823e-04 1.680741377487735867e-04 1.680434912847426953e-04 1.680294111901668361e-04 1.679448391471625947e-04 1.679149262227971819e-04 1.678731243915279180e-04 1.678250600656291469e-04 1.677699054147843650e-04 1.677050865820397499e-04 1.676254231488943913e-04 1.675177146902848743e-04 1.673501748308138905e-04 1.667228562246301040e-04 -1.675363543669558942e-04 -1.670761781016495825e-04 -1.664896906728171677e-04 -1.648013345662275426e-04 -1.736597790100173264e-04 1.677369776719071445e-04 1.688277209102601463e-04 1.686530638162079057e-04 1.688664984394415414e-04 1.681115283435786079e-04 1.681714447953640333e-04 -1.714443474585178838e-04 -1.678205029644304694e-04 -1.678228440261104028e-04 -1.677823572617967256e-04 -1.678477550527080950e-04 -1.676100323758664763e-04 -1.675477853368236079e-04 -1.674705427628108182e-04
-2.396475287273585036e-04 -2.994994810136248188e-04 -9.264363908362830335e-05 1.678244643708125391e-04 2.881918944482719379e-04 -2.882922303652249397e-04 -2.881738612568842447e-04 -2.880219837044311303e-04 2.878638218457603014e-04 2.877036402548500526e-04 2.875400761159708140e-04 2.873695957059723902e-04 2.871869775852203864e-04 2.869846548116031086e-04 2.867509402655182274e-04 2.864660726091510369e-04 2.860926249586125277e-04 2.855480020718294677e-04 2.846015883301770510e-04 2.822449723204605997e-04 2.524226032778125557e-04 2.908282639047190697e-04 2.877896342404125140e-04 2.869104428553770196e-04 2.864905887606869895e-04 2.862380012687290652e-04 2.860605165046513679e-04 2.859156945224390471e-04 2.857637754718926138e-04 2.853586177040453448e-04 2.860401588564208484e-04 2.857964601607751519e-04 2.857016356909869589e-04 2.856334745028266055e-04 2.855744294484302949e-04 -2.855246950728620049e-04 -2.854761028228746745e-04 -2.854282235585858742e-04 -2.853809411504038755e-04 -2.853330339932632557e-04 -2.852820755330012781e-04 -2.852141763954511400e-04 -2.852782002152733716e-04 -2.851767665966099710e-04 -2.851206971049794620e-04 -2.850675309255161298e-04 -2.850137388885868477e-04 -2.849581188590884022e-04 -2.848997932877011239e-04 -2.848370326392406183e-04 -2.847914146772818835e-04 -2.847106477740116528e-04 2.846360742760671255e-04 2.845562163279411741e-04 2.844693031797468547e-04 2.843710346972551112e-04 2.842709243567919969e-04 2.841528315562839814e-04 2.840193037428455922e-04 2.838657751992363525e-04 2.836859240843192563e-04 2.834701368606037095e-04 2.832019448524926474e-04 2.828412681192005456e-04 2.825432981568203137e-04 2.813551281523650276e-04 -2.816339190119949141e-04 -2.801997841309081185e-04 -2.777940332430059943e-04 -2.711047835714981984e-04 -2.720875369004387254e-04 3.006888202228910905e-04 2.923857429639961929e-04 2.897888332481381017e-04 2.887422106694222091e-04 2.876203235478478433e-04 2.872142206348213310e-04 -2.867142833093746916e-04 -2.865922854831177329e-04 -2.863964446717386265e-04 -2.862298999074163667e-04 -2.861564171691839925e-04 -2.859167818505230631e-04 -2.857971171589633185e-04 -2.856735404932211030e-04
2.418766785568549917e-04 3.010225353398319993e-04 9.233552917420569160e-05 -1.686379046385162424e-04 -2.882922303652249397e-04 2.884000068033837740e-04 2.882864907246441991e-04 2.881385521978947349e-04 -2.879839213427053189e-04 -2.878271141045570143e-04 -2.876669367046659877e-04 -2.875000024263493184e-04 -2.873212495647935768e-04 -2.871233183088527140e-04 -2.868948294036338751e-04 -2.866165357506402032e-04 -2.862519802300995172e-04 -2.857207007168306918e-04 -2.847980052896456268e-04 -2.825010658172452606e-04 -2.533737504835307771e-04 -2.908572330736409507e-04 -2.878991129204417580e-04 -2.870422471638715573e-04 -2.866325080569889381e-04 -2.863855686265187584e-04 -2.862116524060793294e-04 -2.860693125062264779e-04 -2.859193650518598731e-04 -2.855171190920932807e-04 -2.861956421000957972e-04 -2.859536801055929684e-04 -2.858596468480772328e-04 -2.857920269132289059e-04 -2.857333244876243618e-04 2.856844406873982191e-04 2.856358945459146225e-04 2.855882271548796812e-04 2.855411372583473162e-04 2.854933928611555526e-04 2.854425573781878300e-04 2.853746609799471222e-04 2.854395040237184484e-04 2.853378416835214730e-04 2.852818294376828923e-04 2.852287406302186131e-04 2.851750274255789312e-04 2.851194834191652316e-04 2.850612280339029315e-04 2.849985169742771463e-04 2.849532340359651485e-04 2.848723727754660733e-04 -2.847978652918847927e-04 -2.847180882542431541e-04 -2.846312726089941683e-04 -2.845332011977550249e-04 -2.844329520175748437e-04 -2.843150144434745648e-04 -2.841816155722605864e-04 -2.840282256023561581e-04 -2.838485319977759208e-04 -2.836329291005115034e-04 -2.833649577478663997e-04 -2.830045524702949383e-04 -2.827066982304609981e-04 -2.815184138151981697e-04 2.817994557423370472e-04 2.803662599975952226e-04 2.779626711716023783e-04 2.712791222433019907e-04 2.722785955190261116e-04 -3.008208009556861983e-04 -2.925369061361775725e-04 -2.899440021249051111e-04 -2.888996917231050239e-04 -2.877776539699474965e-04 -2.873723826042869967e-04 2.868805390512176620e-04 2.867506116794916755e-04 2.865550901430473471e-04 2.863887177410788607e-04 2.863156231995432795e-04 2.860756298216320234e-04 2.859560056000859580e-04 2.858324205238637478e-04
2.425060818383130347e-04 3.015168706374017366e-04 9.229203587972459625e-05 -1.688549999798309752e-04 -2.881738612568842447e-04 2.882864907246441991e-04 2.881765176518900624e-04 2.880315750886894050e-04 -2.878796819724967573e-04 -2.877255170884670567e-04 -2.875680055508398258e-04 -2.874038697250478800e-04 -2.872281701665687107e-04 -2.870337080728975303e-04 -2.868093451384616044e-04 -2.865362378495283713e-04 -2.861786910058614140e-04 -2.856579192035506027e-04 -2.847538882391027152e-04 -2.825038950085216973e-04 -2.539249982727670657e-04 -2.906816411943909757e-04 -2.877867592307592069e-04 -2.869474509827600497e-04 -2.865456767775978052e-04 -2.863031909449678040e-04 -2.861320908400152288e-04 -2.859917053175915292e-04 -2.858432860491597082e-04 -2.854431071281292548e-04 -2.861198752193017526e-04 -2.858791520061236763e-04 -2.857857409406427051e-04 -2.857185786852814067e-04 -2.856602513722436847e-04 2.856115965687285128e-04 2.855633363505818978e-04 2.855158895704209806e-04 2.854689891165665774e-04 2.854214099681980652e-04 2.853707180985123621e-04 2.853029317727415106e-04 2.853680278363528882e-04 2.852664159421576182e-04 2.852105018626586780e-04 2.851575104744326567e-04 2.851038915394663682e-04 2.850484388124428022e-04 2.849902720060056580e-04 2.849276446923858794e-04 2.848825036012174504e-04 2.848016981145965127e-04 -2.847272811805970621e-04 -2.846476014456339790e-04 -2.845608936535486220e-04 -2.844629877678104450e-04 -2.843627245540568068e-04 -2.842449372691182858e-04 -2.841116813350738407e-04 -2.839584481219080241e-04 -2.837789330151774259e-04 -2.835635390712249100e-04 -2.832958198992169101e-04 -2.829357352833426222e-04 -2.826381516052621848e-04 -2.814504694966829968e-04 2.817322970708060299e-04 2.803003055418497248e-04 2.778989720389255891e-04 2.712215345760155450e-04 2.722237558899482756e-04 -3.007286293505700286e-04 -2.924576724626572091e-04 -2.898679262872061392e-04 -2.888251155515147951e-04 -2.877037621965509301e-04 -2.872990453334274162e-04 2.868095888220528137e-04 2.866777859117875730e-04 2.864824983964041837e-04 2.863162984392399017e-04 2.862434196575490983e-04 2.860034227253534797e-04 2.858838969371608422e-04 2.857603902719434803e-04
2.427647042479264092e-04 3.017626534049967909e-04 9.230569459137639087e-05 -1.689316600326617578e-04 -2.880219837044311303e-04 2.881385521978947349e-04 2.880315750886894050e-04 2.878892003209457522e-04 -2.877396681677565470e-04 -2.875877892573711113e-04 -2.874325880001734083e-04 -2.872708795725773760e-04 -2.870978296300692257e-04 -2.869063784803637697e-04 -2.866855964606050927e-04 -2.864169898494100153e-04 -2.860655240541871503e-04 -2.855538676677986344e-04 -2.846660258986299626e-04 -2.824567514669294754e-04 -2.543539486249318847e-04 -2.904797991569811589e-04 -2.876397430261922383e-04 -2.868156608600786264e-04 -2.864207954932830743e-04 -2.861821733422489260e-04 -2.860135158230569033e-04 -2.858748228257201917e-04 -2.857277176861980654e-04 -2.853292495436024890e-04 -2.860047078087071750e-04 -2.857650110321695346e-04 -2.856721350232246416e-04 -2.856053748473561449e-04 -2.855473962053684629e-04 2.854988339658869317e-04 2.854508797227169547e-04 2.854036358674396398e-04 2.853569075799343934e-04 2.853094795014679661e-04 2.852589224202312199e-04 2.851912573699692637e-04 2.852564710709019663e-04 2.851549599345919671e-04 2.850991426477278608e-04 2.850462430871922564e-04 2.849927120553308476e-04 2.849373443284667533e-04 2.848792605345946386e-04 2.848167147881035624e-04 2.847716632065737667e-04 2.846909363167620115e-04 -2.846166047073606965e-04 -2.845370146185420709e-04 -2.844504046318825814e-04 -2.843526404787726425e-04 -2.842523860891576896e-04 -2.841347311680290770e-04 -2.840016041346370992e-04 -2.838485125917291642e-04 -2.836691586802509162e-04 -2.834539532829707617e-04 -2.831864618403920428e-04 -2.828266683404675693e-04 -2.825293512516907158e-04 -2.813423306953199954e-04 2.816245784904473979e-04 2.801936941937648961e-04 2.777943612284345244e-04 2.711223814579888911e-04 2.721244972740895804e-04 -3.006006739511957290e-04 -2.923398058153812941e-04 -2.897526633907620284e-04 -2.887110265770347702e-04 -2.875904085165431872e-04 -2.871861278344368679e-04 2.866976859994094956e-04 2.865653842813332269e-04 2.863702857550886834e-04 2.862042370082769089e-04 2.861315146129236875e-04 2.858915817838088768e-04 2.857721531161849880e-04 2.856487312999351591e-04
-2.428951451119698557e-04 -3.019179602120205348e-04 -9.233801167741293868e-05 1.689574410694066268e-04 2.878638218457603014e-04 -2.879839213427053189e-04 -2.878796819724967573e-04 -2.877396681677565470e-04 2.875923129642536137e-04 2.874425450568452020e-04 2.872894791143959774e-04 2.871300154209478544e-04 2.869594164791930261e-04 2.867707510943898566e-04 2.865532825398735424e-04 2.862888407040567657e-04 2.859430022704589230e-04 2.854397813594396227e-04 2.845669214202541553e-04 2.823953304203489145e-04 2.547332964146160937e-04 2.902752240263940017e-04 2.874858985863831752e-04 2.866759056956801987e-04 2.862874330380574847e-04 2.860523852832077543e-04 2.858859862927135616e-04 2.857488559014006459e-04 2.856029575731981241e-04 2.852060183468627997e-04 2.858803955682831196e-04 2.856416161503477552e-04 2.855492294254412234e-04 2.854828405623366285e-04 2.854251901348087888e-04 -2.853766794099954398e-04 -2.853290250134895081e-04 -2.852819714035365159e-04 -2.852354038092429905e-04 -2.851881169431246389e-04 -2.851376869622159848e-04 -2.850701423736319334e-04 -2.851354249665712104e-04 -2.850340270075432106e-04 -2.849783020496641649e-04 -2.849254885254028026e-04 -2.848720393671245023e-04 -2.848167506167414704e-04 -2.847587439837432916e-04 -2.846962749590615680e-04 -2.846512915234764430e-04 -2.845706462028822141e-04 2.844963934871206756e-04 2.844168854815246473e-04 2.843303644442998898e-04 2.842327268030652538e-04 2.841324858954890828e-04 2.840149497540737488e-04 2.838819390125757458e-04 2.837289751877121761e-04 2.835497663947237441e-04 2.833347305393677635e-04 2.830674437855640888e-04 2.827079123272777865e-04 2.824108421403671268e-04 2.812244542714881050e-04 -2.815069838449778153e-04 -2.800771000015361270e-04 -2.776795520585428911e-04 -2.710124612662756635e-04 -2.720136884147642529e-04 3.004658470769136893e-04 2.922133884318434821e-04 2.896284873529561131e-04 2.885878492309811982e-04 2.874679127627960819e-04 2.870640020922044628e-04 -2.865760679638373323e-04 -2.864437413519136636e-04 -2.862488042369929885e-04 -2.860828894124026168e-04 -2.860102934425647970e-04 -2.857704420092987605e-04 -2.856511031805383793e-04 -2.855277621139335853e-04
-2.429757880412161686e-04 -3.020356557338423108e-04 -9.237784004193569777e-05 1.689607829837369102e-04 2.877036402548500526e-04 -2.878271141045570143e-04 -2.877255170884670567e-04 -2.875877892573711113e-04 2.874425450568452020e-04 2.872948259711992640e-04 2.871438335812722168e-04 2.869865505123305794e-04 2.868183332193884874e-04 2.866323753372768189e-04 2.864181276901210443e-04 2.861577348335348869e-04 2.858173679078644430e-04 2.853223496072522904e-04 2.844640590491693145e-04 2.823291165448083635e-04 2.550958202014379055e-04 2.900697846222371405e-04 2.873297939948455792e-04 2.865335018059136105e-04 2.861512445118760293e-04 2.859196708344710191e-04 2.857554654774601831e-04 2.856198503310550577e-04 2.854751164047320856e-04 2.850796164025310537e-04 2.857530519863820772e-04 2.855151357155045013e-04 2.854232180273163968e-04 2.853571871419348415e-04 2.852998548874896090e-04 -2.852513860970106829e-04 -2.852040249634174574e-04 -2.851571554655803718e-04 -2.851107431219615756e-04 -2.850635926694131171e-04 -2.850132857977991400e-04 -2.849458602984099201e-04 -2.850111916941519791e-04 -2.849099105525141045e-04 -2.848542749139721959e-04 -2.848015438140711394e-04 -2.847481727314955346e-04 -2.846929590591412576e-04 -2.846350256397742542e-04 -2.845726296397661326e-04 -2.845277043504614413e-04 -2.844471394978827098e-04 2.843729608835760697e-04 2.842935295147112906e-04 2.842070911930560614e-04 2.841095706673571193e-04 2.840093426715436988e-04 2.838919160510264663e-04 2.837590123572662163e-04 2.836061658548961095e-04 2.834270901196991334e-04 2.832122094777390540e-04 2.829451099231348262e-04 2.825858181153560245e-04 2.822889764708251558e-04 2.811031808695814058e-04 -2.813859311324364443e-04 -2.799569628485736451e-04 -2.775610410709383790e-04 -2.708984189551769139e-04 -2.718985987762982020e-04 3.003295933964090537e-04 2.920844333486148766e-04 2.895015259383019210e-04 2.884617822541678017e-04 2.873424588474619802e-04 2.869388772582335948e-04 -2.864512245737925174e-04 -2.863190666843470574e-04 -2.861242728228321564e-04 -2.859584791959207391e-04 -2.858859919741731505e-04 -2.856462256562301068e-04 -2.855269697945763264e-04 -2.854037041506999792e-04
-2.430396443898536938e-04 -3.021390089341622091e-04 -9.242141726497628924e-05 1.689530473145271132e-04 2.875400761159708140e-04 -2.876669367046659877e-04 -2.875680055508398258e-04 -2.874325880001734083e-04 2.872894791143959774e-04 2.871438335812722168e-04 2.869949405945670744e-04 2.868398660113411934e-04 2.866740614104005278e-04 2.864908469245690259e-04 2.862798635186733563e-04 2.860235748255311370e-04 2.856887548277982272e-04 2.852020533036371910e-04 2.843585365275135154e-04 2.822607598123049767e-04 2.554622853618293554e-04 2.898602264169639737e-04 2.871702669547752918e-04 2.863878672142527006e-04 2.860119108040727566e-04 2.857838575147905237e-04 2.856218732459138475e-04 2.854877896030275607e-04 2.853442265291750678e-04 2.849501374854667649e-04 2.856227269790545618e-04 2.853856562745536686e-04 2.852942064261019162e-04 2.852285340369003141e-04 2.851715200653108821e-04 -2.851230982186753540e-04 -2.850760287181122450e-04 -2.850293433189709743e-04 -2.849830861665989673e-04 -2.849360719545244894e-04 -2.848858880119422123e-04 -2.848185822336145616e-04 -2.848839547760654363e-04 -2.847827927105936983e-04 -2.847272455899194673e-04 -2.846745956584484610e-04 -2.846213011342251789e-04 -2.845661608078030400e-04 -2.845082986814606346e-04 -2.844459737088842247e-04 -2.844011021259510233e-04 -2.843206163187536975e-04 2.842465088763857883e-04 2.841671507770739233e-04 2.840807913019178480e-04 2.839833826996327479e-04 2.838831650488148040e-04 2.837658421158212535e-04 2.836330391928992378e-04 2.834803027954489957e-04 2.833013516349012269e-04 2.830866160281882518e-04 2.828196911328275266e-04 2.824606227268835167e-04 2.821639951174736006e-04 2.809787550458928119e-04 -2.812616994959481870e-04 -2.798335837538507617e-04 -2.774391754927104628e-04 -2.707807265598714905e-04 -2.717799494911546875e-04 3.001915991107113988e-04 2.919529474520035162e-04 2.893718592381884849e-04 2.883329470895007137e-04 2.872141700573162021e-04 2.868108913856488060e-04 -2.863234096201168000e-04 -2.861915050245719509e-04 -2.859968420380533285e-04 -2.858311604373102010e-04 -2.857587707407742059e-04 -2.855190890876376322e-04 -2.853999106840344048e-04 -2.852767157311244845e-04
-2.431040882523707522e-04 -3.022409381798907692e-04 -9.246760763281288841e-05 1.689394354598812919e-04 2.873695957059723902e-04 -2.875000024263493184e-04 -2.874038697250478800e-04 -2.872708795725773760e-04 2.871300154209478544e-04 2.869865505123305794e-04 2.868398660113411934e-04 2.866871152875717405e-04 2.865238500410047153e-04 2.863435236294834614e-04 2.861359773343604925e-04 2.858840109946366543e-04 2.855550338437050730e-04 2.850770941307890008e-04 2.842491436728451955e-04 2.821905301651338877e-04 2.558502565569374361e-04 2.896411907781931434e-04 2.870039528250426376e-04 2.862361904095208753e-04 2.858668709055213822e-04 2.856425239486007198e-04 2.854828759856106431e-04 2.853504001967811202e-04 2.852080595780922536e-04 2.848154034181015534e-04 2.854872207475464487e-04 2.852510079462111637e-04 2.851600419838327656e-04 2.850947416527157001e-04 2.850380564112957641e-04 -2.849896962101675113e-04 -2.849429235001029923e-04 -2.848964283361428993e-04 -2.848503316340485225e-04 -2.848034580955704055e-04 -2.847534008556186122e-04 -2.846862184109853473e-04 -2.847516312328366426e-04 -2.846505917487560685e-04 -2.845951348278076727e-04 -2.845425672185651817e-04 -2.844893500072670045e-04 -2.844342834327314080e-04 -2.843764926886039202e-04 -2.843142385610156436e-04 -2.842694197128412762e-04 -2.841890123887713909e-04 2.841149749999838229e-04 2.840356887200840290e-04 2.839494063248962840e-04 2.838521078873160707e-04 2.837518969374252121e-04 2.836346747047582655e-04 2.835019687993290847e-04 2.833493379776071239e-04 2.831705059082587680e-04 2.829559086112926405e-04 2.826891499356815767e-04 2.823302937973107686e-04 2.820338696416473242e-04 2.808491550486002142e-04 -2.811322864769039034e-04 -2.797049788022968947e-04 -2.773120082930028850e-04 -2.706575387934690899e-04 -2.716560294957834224e-04 3.000494719668840723e-04 2.918167342565249653e-04 2.892373409229125362e-04 2.881992256857579472e-04 2.870809320676346579e-04 2.866779400827193991e-04 -2.861905746289707857e-04 -2.860589593628674182e-04 -2.858644188022250359e-04 -2.856988427944966548e-04 -2.856265433607485180e-04 -2.853869448048244320e-04 -2.852678397387724057e-04 -2.851447116913198424e-04
-2.431809713831394927e-04 -3.023507391265983085e-04 -9.251648021941575304e-05 1.689225410649576283e-04 2.871869775852203864e-04 -2.873212495647935768e-04 -2.872281701665687107e-04 -2.870978296300692257e-04 2.869594164791930261e-04 2.868183332193884874e-04 2.866740614104005278e-04 2.865238500410047153e-04 2.863633602839998275e-04 2.861861912311891012e-04 2.859824033440415436e-04 2.857351643756185456e-04 2.854125787642690110e-04 2.849442252576812971e-04 2.841333080794464466e-04 2.821175527276218874e-04 2.562787060361179994e-04 2.894053477335247122e-04 2.868258079828975402e-04 2.860740619317299663e-04 2.857120024442880764e-04 2.854917076480401766e-04 2.853346114922558543e-04 2.852038882029473755e-04 2.850628720232914557e-04 2.846717206010173458e-04 2.853428328065842263e-04 2.851075199556324163e-04 2.850170727140750892e-04 2.849521725879766709e-04 2.848958384315163962e-04 -2.848475639182316286e-04 -2.848011016017611293e-04 -2.847548098692537092e-04 -2.847088849439943304e-04 -2.846621617786890030e-04 -2.846122396065832233e-04 -2.845451880047417462e-04 -2.846106450559076967e-04 -2.845097344003161776e-04 -2.844543722899228050e-04 -2.844018908757044140e-04 -2.843487542497186941e-04 -2.842937641759656943e-04 -2.842360470932140336e-04 -2.841738656488701628e-04 -2.841291013527055148e-04 -2.840487733857186003e-04 2.839748068197056521e-04 2.838955928425830133e-04 2.838093878314145455e-04 2.837122010751219766e-04 2.836119922561996967e-04 2.834948703986098694e-04 2.833622600913672821e-04 2.832097327655997494e-04 2.830310169982701903e-04 2.828165543479693538e-04 2.825499570539617374e-04 2.821913065186459099e-04 2.818950789526427606e-04 2.807108667128323503e-04 -2.809941915811930350e-04 -2.795676636483133211e-04 -2.771760867451886321e-04 -2.705254922096940397e-04 -2.715235831432264921e-04 2.998994385727384655e-04 2.916721432738339135e-04 2.890943575945428379e-04 2.880570273313323845e-04 2.869391558576047069e-04 2.865364419909715958e-04 -2.860491691730613273e-04 -2.859178556059951862e-04 -2.857234319875305876e-04 -2.855579573907758464e-04 -2.854857437465712017e-04 -2.852462267807168313e-04 -2.851271922278248946e-04 -2.850041282823663350e-04
-2.432812831761394965e-04 -3.024773474501113771e-04 -9.256890645528398733e-05 1.689037142951608399e-04 2.869846548116031086e-04 -2.871233183088527140e-04 -2.870337080728975303e-04 -2.869063784803637697e-04 2.867707510943898566e-04 2.866323753372768189e-04 2.864908469245690259e-04 2.863435236294834614e-04 2.861861912311891012e-04 2.860126147590505083e-04 2.858131042920933492e-04 2.855712466362850515e-04 2.852559381098680995e-04 2.847985008317469036e-04 2.840069829206390371e-04 2.820400437949300882e-04 2.567723173269441817e-04 2.891423072887056478e-04 2.866284903087612914e-04 2.858949849250421024e-04 2.855411910809477725e-04 2.853255071447567551e-04 2.851713116019670728e-04 2.850425758787541335e-04 2.849030519398816825e-04 2.845135365719527951e-04 2.851840179355081260e-04 2.849496823949798771e-04 2.848598127652972214e-04 2.847953599740765478e-04 2.847394148897054353e-04 -2.846912620451184082e-04 -2.846451349445133913e-04 -2.845990691142745964e-04 -2.845533352512184398e-04 -2.845067790677884337e-04 -2.844570063837770831e-04 -2.843900985055184999e-04 -2.844556083448381814e-04 -2.843548370758883226e-04 -2.842995782333332952e-04 -2.842471903770012230e-04 -2.841941408008351127e-04 -2.841392329176572053e-04 -2.840815945021147389e-04 -2.840194901027811051e-04 -2.839747850811368620e-04 -2.838945393545447260e-04 2.838206466202907352e-04 2.837415076715458671e-04 2.836553827076789230e-04 2.835583128567269596e-04 2.834581004326017380e-04 2.833410815310333317e-04 2.832085678804267814e-04 2.830561445176125665e-04 2.828775450133547142e-04 2.826632164213312690e-04 2.823967792345174858e-04 2.820383320093658810e-04 2.817422979352256717e-04 2.805585717183329197e-04 -2.808421091948412715e-04 -2.794163482046687079e-04 -2.770261514329699915e-04 -2.703794164407175840e-04 -2.713775666995045435e-04 2.997359904033398276e-04 2.915137393329442846e-04 2.889375042168550243e-04 2.879009687559414108e-04 2.867834560874972321e-04 2.863810186989468451e-04 -2.858938348138761847e-04 -2.857628229223013261e-04 -2.855685133048689204e-04 -2.854031380063215854e-04 -2.853310079710150659e-04 -2.850915717322998074e-04 -2.849726061501683429e-04 -2.848496045032294249e-04
-2.434186134358004940e-04 -3.026319565991700852e-04 -9.262662850052375072e-05 1.688836368954624377e-04 2.867509402655182274e-04 -2.868948294036338751e-04 -2.868093451384616044e-04 -2.866855964606050927e-04 2.865532825398735424e-04 2.864181276901210443e-04 2.862798635186733563e-04 2.861359773343604925e-04 2.859824033440415436e-04 2.858131042920933492e-04 2.856186877299335099e-04 2.853832399034514898e-04 2.850766009645251523e-04 2.846321709847025741e-04 2.838637716341929867e-04 2.819550137583039240e-04 2.573679497774599583e-04 2.888361229748087730e-04 2.864006415646478928e-04 2.856888734537018151e-04 2.853449265009518434e-04 2.851347322944041362e-04 2.849839864521964495e-04 2.848576088563278905e-04 2.847198427210155384e-04 2.843321773736175173e-04 2.850021288507693213e-04 2.847688969821685219e-04 2.846796990776770159e-04 2.846157688264806134e-04 2.845602739421799207e-04 -2.845122968925381719e-04 -2.844665463117091787e-04 -2.844207426119587604e-04 -2.843752309052197634e-04 -2.843288685606107824e-04 -2.842792687774431935e-04 -2.842125256096792027e-04 -2.842781025975469450e-04 -2.841774880589375976e-04 -2.841223466104751726e-04 -2.840700647598086632e-04 -2.840171133131886541e-04 -2.839622975322039691e-04 -2.839047466773907320e-04 -2.838427272723288643e-04 -2.837980900457390222e-04 -2.837179323851914147e-04 2.836441195640614478e-04 2.835650613984082758e-04 2.834790222931887803e-04 2.833820795329757914e-04 2.832818559767826460e-04 2.831649463661201007e-04 2.830325335344527934e-04 2.828802177255108539e-04 2.827017377560782363e-04 2.824875462710738886e-04 2.822212720646164212e-04 2.818630308682572045e-04 2.815671915618846643e-04 2.803839421970125102e-04 -2.806677268123948976e-04 -2.792427373308327496e-04 -2.768539423082844349e-04 -2.702111563336618010e-04 -2.712100137837388262e-04 2.995506530988552600e-04 2.913330794917725502e-04 2.887583657436819926e-04 2.877226602956290129e-04 2.866054352673215325e-04 2.862032802767813951e-04 -2.857161976064413419e-04 -2.855854803909973105e-04 -2.853912844093842464e-04 -2.852260085239786383e-04 -2.851539621991801537e-04 -2.849146069472893467e-04 -2.847957102388957041e-04 -2.846727702091231792e-04
-2.436138427841787353e-04 -3.028317655939727002e-04 -9.269278766792404844e-05 1.688625505621209691e-04 2.864660726091510369e-04 -2.866165357506402032e-04 -2.865362378495283713e-04 -2.864169898494100153e-04 2.862888407040567657e-04 2.861577348335348869e-04 2.860235748255311370e-04 2.858840109946366543e-04 2.857351643756185456e-04 2.855712466362850515e-04 2.853832399034514898e-04 2.851558593701192723e-04 2.848601338167172084e-04 2.844320802638199402e-04 2.836927915625129582e-04 2.818573019955389770e-04 2.581273728909974619e-04 2.884598719898107317e-04 2.861230449257180374e-04 2.854386473747592143e-04 2.851070950929970003e-04 2.849038069137245109e-04 2.847573958191534525e-04 2.846339738179392751e-04 2.844983938483148004e-04 2.841129240685751783e-04 2.847825080045789667e-04 2.845505840924861880e-04 2.844622101311423327e-04 2.843989242312280051e-04 2.843439790507190754e-04 -2.842962629810176760e-04 -2.842509572784271518e-04 -2.842054748020287963e-04 -2.841602359860816857e-04 -2.841141113785516968e-04 -2.840647228634646661e-04 -2.839981789452055371e-04 -2.840638464364489066e-04 -2.839634174696357158e-04 -2.839084169141923306e-04 -2.838562618780029263e-04 -2.838034271970865229e-04 -2.837487203126892775e-04 -2.836912722219891774e-04 -2.836293515630131080e-04 -2.835847966023815800e-04 -2.835047376060599047e-04 2.834310156419870045e-04 2.833520487649395761e-04 2.832661062289405828e-04 2.831693084933989565e-04 2.830690632116392071e-04 2.829522749443915243e-04 2.828199717121638213e-04 2.826677716211243186e-04 2.824894192329976809e-04 2.822753730743917094e-04 2.820092705358782622e-04 2.816512450152126586e-04 2.813556078143065954e-04 2.801728349313175248e-04 -2.804569242478189574e-04 -2.790327342719550003e-04 -2.766454111764559526e-04 -2.700068124347861564e-04 -2.710073481251447348e-04 2.993291633101552007e-04 2.911158833344833522e-04 2.885426928203577547e-04 2.875078885823251218e-04 2.863908624119942221e-04 2.859890058747577681e-04 -2.855020537187959368e-04 -2.853716198411019233e-04 -2.851775403409188294e-04 -2.850123669008931999e-04 -2.849404072356210584e-04 -2.847011350581556285e-04 -2.845823090753785384e-04 -2.844594314680599380e-04
-2.439049295569772099e-04 -3.031079426529457695e-04 -9.277338312896289598e-05 1.688402490470828591e-04 2.860926249586125277e-04 -2.862519802300995172e-04 -2.861786910058614140e-04 -2.860655240541871503e-04 2.859430022704589230e-04 2.858173679078644430e-04 2.856887548277982272e-04 2.855550338437050730e-04 2.854125787642690110e-04 2.852559381098680995e-04 2.850766009645251523e-04 2.848601338167172084e-04 2.845791743516435019e-04 2.841732819087538597e-04 2.834733917045610002e-04 2.817370728663195893e-04 2.591672600067070628e-04 2.879625844429637566e-04 2.857592957471037404e-04 2.851119404539387931e-04 2.847971572284969228e-04 2.846032068375466280e-04 2.844626500636221553e-04 2.843432092347815171e-04 2.842105498537996085e-04 2.838278612260583555e-04 2.844973759550583009e-04 2.842671063348075440e-04 2.841798171165652379e-04 2.841173848296566569e-04 2.840631607937677125e-04 -2.840158504994887449e-04 -2.839711083550208064e-04 -2.839260491371641644e-04 -2.838811708597828529e-04 -2.838353599149689445e-04 -2.837862491386867960e-04 -2.837199645212755503e-04 -2.837857623192938930e-04 -2.836855695037771366e-04 -2.836307508971337992e-04 -2.835787591073651165e-04 -2.835260739181992887e-04 -2.834715055300876638e-04 -2.834141871179844717e-04 -2.833523897016332750e-04 -2.833079423830700203e-04 -2.832280014603250312e-04 2.831543901988753061e-04 2.830755337716598296e-04 2.829897074026072870e-04 2.828930866982629793e-04 2.827928032798554731e-04 2.826761586511378427e-04 2.825439819626214674e-04 2.823919137592393355e-04 2.822137052808015509e-04 2.819998215550644925e-04 2.817339092747852343e-04 2.813761207654518490e-04 2.810807032316351545e-04 2.798984199420701544e-04 -2.801829127174575705e-04 -2.787595891054425474e-04 -2.763738901439507958e-04 -2.697399721610724147e-04 -2.707437786252774189e-04 2.990445804593104919e-04 2.908351139173329537e-04 2.882634925590385607e-04 2.872297223884524527e-04 2.861127691252158146e-04 2.857112438513697769e-04 -2.852244762013823550e-04 -2.850943111644543967e-04 -2.849003560384445895e-04 -2.847352928190568068e-04 -2.846634272706197047e-04 -2.844242435644967772e-04 -2.843054933853004932e-04 -2.841826814303657044e-04
-2.443738004898334220e-04 -3.035275650871829345e-04 -9.288151075185581472e-05 1.688156520832921506e-04 2.855480020718294677e-04 -2.857207007168306918e-04 -2.856579192035506027e-04 -2.855538676677986344e-04 2.854397813594396227e-04 2.853223496072522904e-04 2.852020533036371910e-04 2.850770941307890008e-04 2.849442252576812971e-04 2.847985008317469036e-04 2.846321709847025741e-04 2.844320802638199402e-04 2.841732819087538597e-04 2.838006536661269908e-04 2.831599080659812453e-04 2.815724755709510078e-04 2.607443109466604922e-04 2.872318393471641343e-04 2.852290426343934279e-04 2.846372928097092784e-04 2.843476745100771935e-04 2.841677290728010920e-04 2.840359426603473233e-04 2.839224501548963061e-04 2.837941173872816176e-04 2.834153118037213747e-04 2.840853833650868561e-04 2.838574197896839607e-04 2.837717134893089663e-04 2.837105357788029486e-04 2.836573619404103531e-04 -2.836107347742853647e-04 -2.835667845920583304e-04 -2.835223448960451820e-04 -2.834779958506418820e-04 -2.834326448198389828e-04 -2.833839399656714947e-04 -2.833180307686851396e-04 -2.833840343693009396e-04 -2.832841761503433016e-04 -2.832296190553228676e-04 -2.831778611745297070e-04 -2.831253890474230315e-04 -2.830710167615093091e-04 -2.830138805293966656e-04 -2.829522543033015044e-04 -2.829079637243125315e-04 -2.828281794776933374e-04 2.827547180977251873e-04 2.826760100409972647e-04 2.825903386552329152e-04 2.824939573856162945e-04 2.823936067339141731e-04 2.822771500486007633e-04 2.821451343035166889e-04 2.819932312031820558e-04 2.818152005231066215e-04 2.816015151010375374e-04 2.813358324894803079e-04 2.809783267970462710e-04 2.806831678951990957e-04 2.795014143363745425e-04 -2.797864975089545190e-04 -2.783641878235318672e-04 -2.759804369882758570e-04 -2.693522321809071422e-04 -2.703622838749049850e-04 2.986374869842546597e-04 2.904310806655885867e-04 2.878611576908718492e-04 2.868286837161272652e-04 2.857115930321441869e-04 2.853104663717039415e-04 -2.848239851673570557e-04 -2.846940716520947887e-04 -2.845002589701944948e-04 -2.843353234869818108e-04 -2.842635686204546893e-04 -2.840244859863062820e-04 -2.839058233877733684e-04 -2.837830853280612570e-04
