2.984384657727189860e-01 1.161699295370070689e-01 -1.610262089818714770e-02 -1.547658443506677410e-02 6.019320398424094377e-04 -5.811892688648254450e-04 -5.830445830079444489e-04 -5.867815462498445975e-04 5.903501875531359019e-04 5.934477180803637104e-04 5.960459892125284220e-04 5.981541216097972574e-04 5.997662742132022244e-04 6.008421843652643523e-04 6.012863439607177935e-04 6.009062103858116462e-04 5.993105492965043659e-04 5.956174607287506150e-04 5.873684857053195017e-04 5.639656096580530301e-04 2.761522638982411449e-04 6.591663065764416258e-04 6.259667562174885212e-04 6.158937908923762822e-04 6.097072703794552840e-04 6.035223637509354051e-04 5.948418520939585761e-04 5.792620727572935554e-04 5.414157645080403761e-04 3.226332973699264388e-04 8.432804796931832499e-04 7.149358429210850210e-04 6.909432989272699423e-04 6.866259166800038833e-04 7.051991452592645728e-04 -5.823368393174516155e-04 -6.416206886014275872e-04 -6.494944198502775089e-04 -6.532045433838267606e-04 -6.564096097623640241e-04 -6.611375841471349695e-04 -6.765197043901849524e-04 -6.030258586598848201e-04 -6.398807529589163601e-04 -6.449389771148810423e-04 -6.467669831981451940e-04 -6.474968183739832810e-04 -6.476885758854363396e-04 -6.477167374173342304e-04 -6.489734253147745645e-04 -6.240354721208507668e-04 -6.370271241817454782e-04 6.350035381932324710e-04 6.307915401654088337e-04 6.233294646395071484e-04 5.940447665720396302e-04 6.398276973715062840e-04 6.216224793062700808e-04 6.102614379324398410e-04 5.983509335664091711e-04 5.844153079417645572e-04 5.675027224493688852e-04 5.466713230988684991e-04 5.209908479819319984e-04 5.023623483364382655e-04 5.529688690951508083e-04 -2.438225161202825638e-04 -1.458309298434735989e-04 1.051595771983885458e-04 7.740942688290214542e-04 2.725683433216811394e-03 3.893353672461755122e-03 1.908225119807345190e-03 1.443477724729882311e-03 9.432543289547457455e-04 1.364674645318492401e-03 1.228800136980291637e-03 -6.653588456050486648e-04 -1.175649266899698054e-03 -1.149584196642388506e-03 -1.137856498633968341e-03 -1.125378751935515384e-03 -1.139463231557496983e-03 -1.145811142158469510e-03 -1.158544653793647542e-03
1.161699295370070689e-01 1.885802545749845072e-01 4.271187149742562000e-02 -1.690222440770685827e-02 -1.320769226555067698e-02 1.327101486384193313e-02 1.328984049379493965e-02 1.330023870792356594e-02 -1.330776674629776182e-02 -1.331409203240482148e-02 -1.331992965770367049e-02 -1.332569006285069108e-02 -1.333168888969624849e-02 -1.333824931952548760e-02 -1.334579169686228410e-02 -1.335497234392488651e-02 -1.336698739057858715e-02 -1.338441529964677287e-02 -1.341429523981267635e-02 -1.348624846615868560e-02 -1.416425635082703069e-02 -1.320973650453133308e-02 -1.331400376808873631e-02 -1.334424209804505740e-02 -1.335991111167383373e-02 -1.337114179597897502e-02 -1.338178937394783261e-02 -1.339539895371132626e-02 -1.342137907267420063e-02 -1.355168720979608478e-02 -1.325361621599698697e-02 -1.333274340835389517e-02 -1.335229805984115836e-02 -1.336407901148849858e-02 -1.338247061409490388e-02 1.331686247714996239e-02 1.335419590359053152e-02 1.336096440687565765e-02 1.336459052559680304e-02 1.336710299897483391e-02 1.336885715513762111e-02 1.336868877709722174e-02 1.338220247320760434e-02 1.337857046176753155e-02 1.337985859527433992e-02 1.338170439002531707e-02 1.338382397594976153e-02 1.338619164479360434e-02 1.338886863043985478e-02 1.339215143281443157e-02 1.339137069803515191e-02 1.339771157923369885e-02 -1.340243357359722012e-02 -1.340842165268683016e-02 -1.341813609097138905e-02 -1.345924739066371896e-02 -1.338830052232778574e-02 -1.341055711783355718e-02 -1.342133194936202811e-02 -1.343117964343830059e-02 -1.344191691870025469e-02 -1.345461160891604432e-02 -1.347074499908121684e-02 -1.349523556057621344e-02 -1.345748070979060212e-02 -1.353240376678492042e-02 1.357198006434167173e-02 1.364573749079269795e-02 1.377914148547168018e-02 1.414582172720707000e-02 1.260161396493594300e-02 -1.185052139884715076e-02 -1.284585754516157780e-02 -1.308395961098400909e-02 -1.348506278330881963e-02 -1.302347220351702042e-02 -1.313241998689839915e-02 1.355353258204506847e-02 1.317157449351089721e-02 1.319527767964349431e-02 1.320975979922867083e-02 1.322892659348408502e-02 1.322296887437069725e-02 1.322917382172168407e-02 1.323168720706434029e-02
-1.610262089818714770e-02 4.271187149742562000e-02 9.577292953273208731e-02 1.647446268941825040e-02 -1.227323234334161232e-02 1.225309093881288974e-02 1.225655891042102749e-02 1.226199192879896122e-02 -1.226732226198259772e-02 -1.227229597031788758e-02 -1.227694390972960264e-02 -1.228134472144025088e-02 -1.228558208150535777e-02 -1.228974171311588391e-02 -1.229392076729354973e-02 -1.229824842140699384e-02 -1.230293140044933647e-02 -1.230837468196348088e-02 -1.231559310809021007e-02 -1.232829164810991113e-02 -1.232072568409789751e-02 -1.228673259158092126e-02 -1.230919306821427923e-02 -1.231708327002688057e-02 -1.232244315207649092e-02 -1.232720026363764813e-02 -1.233217951966488965e-02 -1.233836019664191590e-02 -1.234869620577358669e-02 -1.239245767760939129e-02 -1.229924593204240885e-02 -1.232761772019775638e-02 -1.233741922780387523e-02 -1.234658699981698408e-02 -1.236767056656814731e-02 1.228064788194148035e-02 1.232877219163328736e-02 1.233761767882151673e-02 1.234284363885279796e-02 1.234721299279996007e-02 1.235186829364209524e-02 1.236038174076245499e-02 1.233562144951176089e-02 1.235221403377427529e-02 1.235697247355712659e-02 1.236065917554457320e-02 1.236413456149008418e-02 1.236770938466625995e-02 1.237176730236143676e-02 1.237804946803035266e-02 1.235239957382140707e-02 1.237556708516078172e-02 -1.238121514219989866e-02 -1.238660824410764763e-02 -1.239391695804262575e-02 -1.242031401780236896e-02 -1.237761834494588258e-02 -1.239186901855934310e-02 -1.239878004164478645e-02 -1.240470037893614576e-02 -1.241055768224748855e-02 -1.241664828254801164e-02 -1.242298435889867617e-02 -1.242832176451755949e-02 -1.245502542462250013e-02 -1.244230397385696386e-02 1.248550386374613214e-02 1.250567107674991317e-02 1.254882963874530237e-02 1.266132299633297535e-02 1.012697853277525276e-02 -1.183116267726097570e-02 -1.223530817505059931e-02 -1.233455745781183999e-02 -1.258259745753751921e-02 -1.224817532664781647e-02 -1.230357455220443784e-02 1.175003783722960646e-02 1.237767703448425932e-02 1.238067072321260599e-02 1.238835376466501138e-02 1.238834200453858142e-02 1.240885043402553158e-02 1.241656108712972661e-02 1.242277019055906123e-02
-1.547658443506677410e-02 -1.690222440770685827e-02 1.647446268941825040e-02 6.083604583829890777e-02 1.955713377849165047e-02 -1.970103479188894946e-02 -1.972380183784939317e-02 -1.972826004981006673e-02 1.972768953376143400e-02 1.972528484665219198e-02 1.972205548242712131e-02 1.971835549063185103e-02 1.971428772187195505e-02 1.970982564999638337e-02 1.970483727512489444e-02 1.969904680251576348e-02 1.969189760713994583e-02 1.968212902011079110e-02 1.966613914111444913e-02 1.962746341061615690e-02 1.900689231164018680e-02 1.974631069587334115e-02 1.970423415217859367e-02 1.968939500033128204e-02 1.968044971666083054e-02 1.967319501797165637e-02 1.966580948768709494e-02 1.965628508516444051e-02 1.963875453201072152e-02 1.955424339348213122e-02 1.974178622415146550e-02 1.969115217120944589e-02 1.967774696141851715e-02 1.966954641407427790e-02 1.965916117679117336e-02 -1.968392150087344347e-02 -1.966629043768362492e-02 -1.966111619198570096e-02 -1.965710049883991756e-02 -1.965320113054819240e-02 -1.964865993380533749e-02 -1.963987617455745932e-02 -1.966572502087426261e-02 -1.964836944923627898e-02 -1.964323324196845175e-02 -1.963915037222694476e-02 -1.963524682372396954e-02 -1.963125771247513709e-02 -1.962698615231783447e-02 -1.962185206046062474e-02 -1.962544676883972231e-02 -1.961518391597016214e-02 1.960927682021879406e-02 1.960288711118650731e-02 1.959499015735177013e-02 1.957661748942486971e-02 1.959316488354181235e-02 1.957962831084665220e-02 1.956875517684856028e-02 1.955700692391977580e-02 1.954344846545657058e-02 1.952718777643797435e-02 1.950682131953005230e-02 1.947865199239778855e-02 1.946520047208515417e-02 1.937300177992591285e-02 -1.938736289454684458e-02 -1.927932635660712171e-02 -1.909792500886102473e-02 -1.860779678083358119e-02 -1.939334829655222844e-02 2.096304815729677778e-02 2.024881627694815472e-02 2.002596830636748856e-02 1.982385130036528817e-02 1.993361777657273043e-02 1.988008439166127558e-02 -2.010253041753217590e-02 -1.980848687963607593e-02 -1.979797003507051747e-02 -1.978777154862838839e-02 -1.979276791089634377e-02 -1.976538961913675355e-02 -1.976010126406569506e-02 -1.975573178574777794e-02
6.019320398424094377e-04 -1.320769226555067698e-02 -1.227323234334161232e-02 1.955713377849165047e-02 6.169166974380720786e-02 -6.169349894792668099e-02 -6.167781574133845285e-02 -6.166309320525448917e-02 6.164998251137963209e-02 6.163805241563378307e-02 6.162687443310371077e-02 6.161608953747809564e-02 6.160536903528850139e-02 6.159435969435001629e-02 6.158260618963592309e-02 6.156940836845498088e-02 6.155349029128520666e-02 6.153204457315153419e-02 6.149703961814076414e-02 6.141098040598346602e-02 5.984938934900375235e-02 6.166316428666438615e-02 6.157898881715835604e-02 6.154864053756462644e-02 6.153088854246030470e-02 6.151735757577855152e-02 6.150477743928219748e-02 6.149032559773126572e-02 6.146690664362779166e-02 6.136457743833732131e-02 6.158067138729861334e-02 6.152040112219590157e-02 6.150315161997768620e-02 6.149294666901214401e-02 6.148558018310597284e-02 -6.147349788721667707e-02 -6.146982471653341523e-02 -6.146376684325562112e-02 -6.145754710461655973e-02 -6.145116384113494257e-02 -6.144441046604798978e-02 -6.143605204181199625e-02 -6.143894889742416293e-02 -6.142754344045420895e-02 -6.141980732037614216e-02 -6.141213659731646624e-02 -6.140420312466204900e-02 -6.139587188319547278e-02 -6.138702204474131424e-02 -6.137739457326742143e-02 -6.137016137476532934e-02 -6.135753821418716419e-02 6.134560647689589474e-02 6.133250036293665108e-02 6.131740187389909252e-02 6.129318063390439691e-02 6.129469693490897930e-02 6.127178987538566685e-02 6.124908386656955500e-02 6.122342694636116051e-02 6.119338949637353336e-02 6.115717729447710249e-02 6.111176744322128346e-02 6.104933888549855109e-02 6.101252571315744777e-02 6.080006151941869802e-02 -6.084837526090798587e-02 -6.060116145391822307e-02 -6.018244168507262681e-02 -5.899599628992490546e-02 -5.901447420698216484e-02 6.377960426166386088e-02 6.262822550919985853e-02 6.220327590832477882e-02 6.192908806714245151e-02 6.191249337170385419e-02 6.182175370799068009e-02 -6.154160886797423180e-02 -6.172189594262282586e-02 -6.168665879571983562e-02 -6.165893462287204418e-02 -6.164882902268940118e-02 -6.160844980717082586e-02 -6.159028186037130564e-02 -6.157180702511688697e-02
-5.811892688648254450e-04 1.327101486384193313e-02 1.225309093881288974e-02 -1.970103479188894946e-02 -6.169349894792668099e-02 6.169721026277807246e-02 6.168240530958612328e-02 6.166829820300931408e-02 -6.165569573340078102e-02 -6.164422644782399652e-02 -6.163349394676043147e-02 -6.162316214179684032e-02 -6.161292384866260546e-02 -6.160245130355629373e-02 -6.159132528613665836e-02 -6.157890463737158981e-02 -6.156402360910170207e-02 -6.154411621514443292e-02 -6.151181994321091445e-02 -6.143252447535497290e-02 -5.994854200577707376e-02 -6.165900159970397199e-02 -6.158396847221515868e-02 -6.155616863432272073e-02 -6.153958246313644825e-02 -6.152671079383729980e-02 -6.151455255531162319e-02 -6.150039493539851548e-02 -6.147719773207284411e-02 -6.137507793131443540e-02 -6.159119696231049601e-02 -6.153106235951388142e-02 -6.151391083733178528e-02 -6.150378913636272982e-02 -6.149650040114432170e-02 6.148444783561732990e-02 6.148084970121792808e-02 6.147484769867433974e-02 6.146867902201563066e-02 6.146234357600041665e-02 6.145563496456326463e-02 6.144731413140814419e-02 6.145029488273768409e-02 6.143891409223911637e-02 6.143121937903259916e-02 6.142359195176887166e-02 6.141570285376528326e-02 6.140741709621484051e-02 6.139861402374036103e-02 6.138903452128207511e-02 6.138185760465962593e-02 6.136928420154366681e-02 -6.135740828783877582e-02 -6.134436162317932761e-02 -6.132932621332147505e-02 -6.130516544270423612e-02 -6.130677778521635701e-02 -6.128395097707619449e-02 -6.126133836909917335e-02 -6.123578800228460933e-02 -6.120587357257535610e-02 -6.116980609036814370e-02 -6.112457086781659249e-02 -6.106236170232962751e-02 -6.102580554735682200e-02 -6.081384744970772666e-02 6.086240547369871356e-02 6.061603011326635593e-02 6.019877252414571056e-02 5.901615298025734979e-02 5.903288476174356481e-02 -6.377580221691567242e-02 -6.263416627574519557e-02 -6.221138740890327229e-02 -6.193772700323051800e-02 -6.192245507005882804e-02 -6.183199090159230416e-02 6.155261275920603792e-02 6.173252673752142872e-02 6.169745598002976394e-02 6.166986971816134505e-02 6.165992261915125006e-02 6.161959695298958872e-02 6.160153394285979023e-02 6.158316032197216905e-02
-5.830445830079444489e-04 1.328984049379493965e-02 1.225655891042102749e-02 -1.972380183784939317e-02 -6.167781574133845285e-02 6.168240530958612328e-02 6.166804994333761197e-02 6.165426834520425226e-02 -6.164193868097895407e-02 -6.163071863781056925e-02 -6.162022810357091485e-02 -6.161014298763566738e-02 -6.160016758894575756e-02 -6.158998790053653305e-02 -6.157920431308794990e-02 -6.156720778629445195e-02 -6.155289262092624586e-02 -6.153382443572089078e-02 -6.150300559926878685e-02 -6.142739977676440338e-02 -5.998591402128401751e-02 -6.163987244039651620e-02 -6.156981814742613912e-02 -6.154340818599840501e-02 -6.152745919819440495e-02 -6.151494935660506425e-02 -6.150302466934089857e-02 -6.148903335335675902e-02 -6.146597000349631607e-02 -6.136403381139565044e-02 -6.158000755322145386e-02 -6.151998810655495004e-02 -6.150289998650228934e-02 -6.149282930835928140e-02 -6.148559035503967790e-02 6.147353277157727863e-02 6.146998881937840858e-02 6.146402041286027490e-02 6.145788176533407282e-02 6.145157448948408013e-02 6.144489294258861228e-02 6.143659900091791998e-02 6.143960116498840135e-02 6.142824774729090803e-02 6.142057865531928146e-02 6.141297688941083077e-02 6.140511381654691070e-02 6.139685468845450939e-02 6.138807910435478687e-02 6.137852839045701558e-02 6.137137728568070605e-02 6.135883776307528986e-02 -6.134699521784776205e-02 -6.133398415189613567e-02 -6.131898742521205148e-02 -6.129487272174687779e-02 -6.129652010296689213e-02 -6.127374535379335324e-02 -6.125118924982068253e-02 -6.122570277942449707e-02 -6.119586209825648299e-02 -6.115988161297494785e-02 -6.111475196609915395e-02 -6.105267755593245943e-02 -6.101626304128003608e-02 -6.080463803616079771e-02 6.085330882717542023e-02 6.060744863123782022e-02 6.019108383076977181e-02 5.901081333538468060e-02 5.902601784994795930e-02 -6.375634876086329339e-02 -6.262024881910524532e-02 -6.219875643506769108e-02 -6.192553056913972093e-02 -6.191084033632188177e-02 -6.182056019996933632e-02 6.154138653213640786e-02 6.172135513905797205e-02 6.168637752409666941e-02 6.165886969831402969e-02 6.164899901994708165e-02 6.160872301035306975e-02 6.159071762025154773e-02 6.157239894382685735e-02
-5.867815462498445975e-04 1.330023870792356594e-02 1.226199192879896122e-02 -1.972826004981006673e-02 -6.166309320525448917e-02 6.166829820300931408e-02 6.165426834520425226e-02 6.164072504189686830e-02 -6.162859614602460984e-02 -6.161756009466021200e-02 -6.160724854990023286e-02 -6.159734619634302244e-02 -6.158756580454343571e-02 -6.157760357106485671e-02 -6.156707447299971520e-02 -6.155539339048918257e-02 -6.154149937082648708e-02 -6.152305612417256764e-02 -6.149333801739494121e-02 -6.142048220414418613e-02 -6.001070720305044098e-02 -6.162251647761985557e-02 -6.155617180087498419e-02 -6.153079731878004915e-02 -6.151532294903744313e-02 -6.150308261581627356e-02 -6.149133201863048181e-02 -6.147746507116496478e-02 -6.145450311010468292e-02 -6.135271508161559834e-02 -6.156855265548578232e-02 -6.150862548076303088e-02 -6.149158569764909960e-02 -6.148155336348361949e-02 -6.147435205531859986e-02 6.146228690698432584e-02 6.145878472218630623e-02 6.145284119135099171e-02 6.144672460560153537e-02 6.144043798661277117e-02 6.143377637452857032e-02 6.142550298789944269e-02 6.142851527716836763e-02 6.141718427078199372e-02 6.140953401235563908e-02 6.140195086868329571e-02 6.139410660020633986e-02 6.138586667772119587e-02 6.137711091472880520e-02 6.136758104710553913e-02 6.136044718067878989e-02 6.134793287193142375e-02 -6.133611440723640146e-02 -6.132312902886782185e-02 -6.130816037335386215e-02 -6.128408075263065691e-02 -6.128574909920479763e-02 -6.126301260853936337e-02 -6.124049729725665470e-02 -6.121505683655550922e-02 -6.118526924160278685e-02 -6.114935141097267018e-02 -6.110429789750940199e-02 -6.104232104074506365e-02 -6.100600605775406693e-02 -6.079462604083363947e-02 6.084337206127007902e-02 6.059788471998323739e-02 6.018216517742865784e-02 5.900359494203255561e-02 5.901761799893497779e-02 -6.373902699301137176e-02 -6.260685011470153161e-02 -6.218628007351878484e-02 -6.191338844419162768e-02 -6.189907773723134221e-02 -6.180893336367519753e-02 6.152985820065240419e-02 6.170991899115906704e-02 6.167500709092283567e-02 6.164755486169451459e-02 6.163773571350169428e-02 6.159749857545188806e-02 6.157953360999943865e-02 6.156125333314906023e-02
5.903501875531359019e-04 -1.330776674629776182e-02 -1.226732226198259772e-02 1.972768953376143400e-02 6.164998251137963209e-02 -6.165569573340078102e-02 -6.164193868097895407e-02 -6.162859614602460984e-02 6.161663688613767259e-02 6.160575660310921298e-02 6.159559683169608946e-02 6.158584966484532963e-02 6.157623506564111060e-02 6.156645792696221337e-02 6.155614568461315744e-02 6.154473367174244369e-02 6.153119921430155737e-02 6.151328995252929033e-02 6.148451300357938437e-02 6.141400973102244948e-02 6.003137548248101141e-02 6.160711057865886353e-02 6.154393937808514542e-02 6.151945026914909520e-02 6.150438137004671929e-02 6.149237101172840003e-02 6.148076876001954544e-02 6.146700764876179834e-02 6.144413197105199481e-02 6.134247115690148744e-02 6.155818898514100329e-02 6.149834071803119556e-02 6.148134174326827517e-02 6.147134157529958454e-02 6.146417178103766310e-02 -6.145209960083042322e-02 -6.144863236817883767e-02 -6.144270938362916129e-02 -6.143661092885032565e-02 -6.143034123353273424e-02 -6.142369594508313019e-02 -6.141543960496685661e-02 -6.141845822790477361e-02 -6.140714623012506757e-02 -6.139951125729938008e-02 -6.139194311935772252e-02 -6.138411395132298276e-02 -6.137588941715518831e-02 -6.136714951330184825e-02 -6.135763633257990818e-02 -6.135051581172616675e-02 -6.133802185259946277e-02 6.132622258761514372e-02 6.131325767724929432e-02 6.129831143112639963e-02 6.127426037898271033e-02 6.127594388594596181e-02 6.125323806427644679e-02 6.123075518824758201e-02 6.120535125727480374e-02 6.117560579285232641e-02 6.113973768604628878e-02 6.109474461533828671e-02 6.103284532275268098e-02 6.099660841697955582e-02 6.078542433036774467e-02 -6.083422830129599224e-02 -6.058903727690202745e-02 -6.017383032200688403e-02 -5.899661170168884333e-02 -5.900967592614139723e-02 6.372405338686697174e-02 6.259496433417158223e-02 6.217512417545782710e-02 6.190250448818500340e-02 6.188848190655833054e-02 6.179844618906542297e-02 -6.151943185099201239e-02 -6.169958444390350599e-02 -6.166472416349023933e-02 -6.163731570574057517e-02 -6.162753626810720670e-02 -6.158733092242710261e-02 -6.156939763360201601e-02 -6.155114738058172635e-02
5.934477180803637104e-04 -1.331409203240482148e-02 -1.227229597031788758e-02 1.972528484665219198e-02 6.163805241563378307e-02 -6.164422644782399652e-02 -6.163071863781056925e-02 -6.161756009466021200e-02 6.160575660310921298e-02 6.159501958271498823e-02 6.158499960017859570e-02 6.157539555997265657e-02 6.156593406865625701e-02 6.155632807828389369e-02 6.154621659312314863e-02 6.153505395671749617e-02 6.152185309011172498e-02 6.150443969477755596e-02 6.147653737835462318e-02 6.140822157303123252e-02 6.005082967898226626e-02 6.159301110447452932e-02 6.153279112258459860e-02 6.150912481618200228e-02 6.149443230945985522e-02 6.148263508237225561e-02 6.147116999603978449e-02 6.145750642832116528e-02 6.143470986126882416e-02 6.133316428360766764e-02 6.154877551877964426e-02 6.148899849895474862e-02 6.147203640759641569e-02 6.146206521348925728e-02 6.145492364559194259e-02 -6.144284540593759197e-02 -6.143940921518827730e-02 -6.143350442719899829e-02 -6.142742196220597056e-02 -6.142116713369879383e-02 -6.141453614624461238e-02 -6.140629480022974374e-02 -6.140931807049405944e-02 -6.139802291958605662e-02 -6.139040116609802145e-02 -6.138284593223744534e-02 -6.137502970411054526e-02 -6.136681832057539615e-02 -6.135809194020013652e-02 -6.134859297142922219e-02 -6.134148364851408491e-02 -6.132900703635118383e-02 6.131722404398313314e-02 6.130427646370312234e-02 6.128934919948422072e-02 6.126532260200290292e-02 6.126701817650299225e-02 6.124433835640991780e-02 6.122188284059659757e-02 6.119650968693329113e-02 6.116679969945584827e-02 6.113097345257726550e-02 6.108603126432084196e-02 6.102419730832715772e-02 6.098802564938437393e-02 6.077700697710469030e-02 -6.082585918177628448e-02 -6.058091759143813260e-02 -6.016614210382126987e-02 -5.899006170716781378e-02 -5.900231498896744975e-02 6.371079639126879524e-02 6.258429140601597107e-02 6.216506406217234271e-02 6.189267582844178855e-02 6.187889014496580214e-02 6.178894614091694215e-02 -6.150997432288581729e-02 -6.169021339117567587e-02 -6.165539626247761723e-02 -6.162802445286385405e-02 -6.161827791435829649e-02 -6.157809966625560349e-02 -6.156019282823021327e-02 -6.154196760354498780e-02
5.960459892125284220e-04 -1.331992965770367049e-02 -1.227694390972960264e-02 1.972205548242712131e-02 6.162687443310371077e-02 -6.163349394676043147e-02 -6.162022810357091485e-02 -6.160724854990023286e-02 6.159559683169608946e-02 6.158499960017859570e-02 6.157511620576024830e-02 6.156565220512694170e-02 6.155634071971927829e-02 6.154690262924262384e-02 6.153698833878730456e-02 6.152607094482279160e-02 6.151319849717131610e-02 6.149627375047416605e-02 6.146923402082870441e-02 6.140307680226333997e-02 6.007059706716328523e-02 6.157965949829510843e-02 6.152235236528929424e-02 6.149949754151875364e-02 6.148517578236320502e-02 6.147358809387518802e-02 6.146225748856089244e-02 6.144868914806692062e-02 6.142596919057118077e-02 6.132453253530081166e-02 6.154004727220821480e-02 6.148033739203096620e-02 6.146341037017381825e-02 6.145346667548033659e-02 6.144635168849089252e-02 -6.143426843252595970e-02 -6.143086107995093803e-02 -6.142497324561661809e-02 -6.141890561840808449e-02 -6.141266452205021431e-02 -6.140604669003012911e-02 -6.139781913291583043e-02 -6.140084617998460559e-02 -6.138956652997804714e-02 -6.138195673774592132e-02 -6.137441311653225179e-02 -6.136660848689981518e-02 -6.135840885107207016e-02 -6.134969451623761838e-02 -6.134020817618857785e-02 -6.133310874754115127e-02 -6.132064749926990216e-02 6.130887887839860800e-02 6.129594658226836246e-02 6.128103605215093341e-02 6.125703115370802893e-02 6.125873688443199405e-02 6.123607996475086829e-02 6.121364845070944444e-02 6.118830226368872360e-02 6.115862333857005617e-02 6.112283372537010567e-02 6.107793605460983682e-02 6.101615927238863979e-02 6.098004437992880084e-02 6.076917051763486288e-02 -6.081806485803498141e-02 -6.057334133129687465e-02 -6.015894310757566310e-02 -5.898385830310379913e-02 -5.899540555205638748e-02 6.369874168820766069e-02 6.257448568060698657e-02 6.215579302267591061e-02 6.188360820513323646e-02 6.187002699008531392e-02 6.178016320665362382e-02 -6.150122295114779369e-02 -6.168154354988678034e-02 -6.164676395667711278e-02 -6.161942407052188597e-02 -6.160970603878790364e-02 -6.156955160285111639e-02 -6.155166776753061286e-02 -6.153346427438571159e-02
5.981541216097972574e-04 -1.332569006285069108e-02 -1.228134472144025088e-02 1.971835549063185103e-02 6.161608953747809564e-02 -6.162316214179684032e-02 -6.161014298763566738e-02 -6.159734619634302244e-02 6.158584966484532963e-02 6.157539555997265657e-02 6.156565220512694170e-02 6.155633197829999542e-02 6.154717470733880175e-02 6.153790945685871233e-02 6.152819842392157068e-02 6.151753411950815209e-02 6.150500097754567352e-02 6.148858157413610026e-02 6.146243462503399313e-02 6.139851285864712099e-02 6.009183401722648088e-02 6.156659076911772527e-02 6.151230091501510427e-02 6.149028598928520106e-02 6.147634745170148241e-02 6.146497591404283256e-02 6.145378361182035620e-02 6.144031272351579975e-02 6.141767037924711348e-02 6.131634042964618364e-02 6.153176681019495442e-02 6.147212250326582889e-02 6.145523025832652642e-02 6.144531381654327190e-02 6.143822492243520422e-02 -6.142613776250864521e-02 -6.142275821849395301e-02 -6.141688685022578253e-02 -6.141083357597934556e-02 -6.140460569256871864e-02 -6.139800045219789143e-02 -6.138978605338808736e-02 -6.139281640082558389e-02 -6.138155148630392716e-02 -6.137395291303290173e-02 -6.136642012015040837e-02 -6.135862625441945717e-02 -6.135043747532440556e-02 -6.134173423043969703e-02 -6.133225947693658059e-02 -6.132516912678731558e-02 -6.131272188124450850e-02 6.130096634289770863e-02 6.128804793412195168e-02 6.127315259234594746e-02 6.124916747678692958e-02 6.125088206022287485e-02 6.122824587399332275e-02 6.120583600975246230e-02 6.118051411246087923e-02 6.115086313973495252e-02 6.111510646908118599e-02 6.107024880988499299e-02 6.100852340770268611e-02 6.097245927464157306e-02 6.076171544092964782e-02 -6.081064784556104025e-02 -6.056612002584705473e-02 -6.015206049569507551e-02 -5.897786980474482160e-02 -5.898879041330063605e-02 6.368751156898645738e-02 6.256526555402470990e-02 6.214705187487695043e-02 6.187504996145734570e-02 6.186165104964352901e-02 6.177185918939146619e-02 -6.149294272853909199e-02 -6.167334128499581125e-02 -6.163859523563788162e-02 -6.161128392297988282e-02 -6.160159135173726153e-02 -6.156145831027030890e-02 -6.154359504376188256e-02 -6.152541095093815027e-02
5.997662742132022244e-04 -1.333168888969624849e-02 -1.228558208150535777e-02 1.971428772187195505e-02 6.160536903528850139e-02 -6.161292384866260546e-02 -6.160016758894575756e-02 -6.158756580454343571e-02 6.157623506564111060e-02 6.156593406865625701e-02 6.155634071971927829e-02 6.154717470733880175e-02 6.153818307338236593e-02 6.152910371207348517e-02 6.151961156343423165e-02 6.150922013781340292e-02 6.149705324027085473e-02 6.148117983707871576e-02 6.145599827686833855e-02 6.139449517282443564e-02 6.011573261011538688e-02 6.155336501243600933e-02 6.150234052911279781e-02 6.148123381628962936e-02 6.146770910995408288e-02 6.145657050013161871e-02 6.144552675702463079e-02 6.143215998441842879e-02 6.140959960001644152e-02 6.130837766372990161e-02 6.152372294927946350e-02 6.146414480936502472e-02 6.144728841383791801e-02 6.143740007863350561e-02 6.143033779979605036e-02 -6.141824801433701936e-02 -6.141489621861995901e-02 -6.140904146574910349e-02 -6.140300261499886947e-02 -6.139678792939030211e-02 -6.139019518649287133e-02 -6.138199378113243926e-02 -6.138502718340426573e-02 -6.137377671536597967e-02 -6.136618900735362619e-02 -6.135866663109816599e-02 -6.135088306014307991e-02 -6.134270460997681695e-02 -6.133401186458109500e-02 -6.132454802884092920e-02 -6.131746627191531768e-02 -6.130503208788767866e-02 6.129328875163267409e-02 6.128038326306362027e-02 6.126550202649009430e-02 6.124153534478972427e-02 6.124325782293372350e-02 6.122064081221624543e-02 6.119825089021944942e-02 6.117295132677431913e-02 6.114332602237956132e-02 6.110759957156983863e-02 6.106277858776995582e-02 6.100110026162191418e-02 6.096508240017227409e-02 6.075445746833728344e-02 -6.080342514367209628e-02 -6.055907630250008389e-02 -6.014532666387092247e-02 -5.897195436107172811e-02 -5.898231254459465611e-02 6.367681217000531468e-02 6.255639588809656926e-02 6.213861933854476771e-02 6.186678456580555624e-02 6.185355201903158795e-02 6.176382577130129503e-02 -6.148492665605716917e-02 -6.166540117089973350e-02 -6.163068567109853541e-02 -6.160340043354305822e-02 -6.159373110036867743e-02 -6.155361759225460444e-02 -6.153577308945738095e-02 -6.151760666156885771e-02
6.008421843652643523e-04 -1.333824931952548760e-02 -1.228974171311588391e-02 1.970982564999638337e-02 6.159435969435001629e-02 -6.160245130355629373e-02 -6.158998790053653305e-02 -6.157760357106485671e-02 6.156645792696221337e-02 6.155632807828389369e-02 6.154690262924262384e-02 6.153790945685871233e-02 6.152910371207348517e-02 6.152023324146244782e-02 6.151098737243215070e-02 6.150090334539373010e-02 6.148914947466702086e-02 6.147389240805827687e-02 6.144980146229306328e-02 6.139103230771787018e-02 6.014382540954501394e-02 6.153948675788232375e-02 6.149215422335481407e-02 6.147207353466134505e-02 6.145901570963355903e-02 6.144813933219635260e-02 6.143726228489528041e-02 6.142401167085512204e-02 6.140154154647673584e-02 6.130043259925772869e-02 6.151570431773049907e-02 6.145619516125631898e-02 6.143937720695705901e-02 6.142951906022308534e-02 6.142248501542463268e-02 -6.141039421838065393e-02 -6.140707109124847463e-02 -6.140123377294154361e-02 -6.139520999323109379e-02 -6.138900900452998188e-02 -6.138242913508078213e-02 -6.137424102116635638e-02 -6.137727740055703984e-02 -6.136604155910847791e-02 -6.135846471790405016e-02 -6.135095267665142266e-02 -6.134317924645366071e-02 -6.133501090264736888e-02 -6.132632836570312690e-02 -6.131687507770507833e-02 -6.130980169562182808e-02 -6.129737994944103180e-02 6.128564824254564836e-02 6.127275502539070162e-02 6.125788714942571878e-02 6.123393797560703483e-02 6.123566759572175028e-02 6.121306863470624138e-02 6.119069739253465284e-02 6.116541869857481523e-02 6.113581733576976124e-02 6.110011903012026180e-02 6.105533216289288356e-02 6.099369759436568811e-02 6.095772248861709708e-02 6.074720771023923993e-02 -6.079620876198173901e-02 -6.055202583282043305e-02 -6.013856365785274355e-02 -5.896595086626579135e-02 -5.897580276346174599e-02 6.366638516045163010e-02 6.254765517147212184e-02 6.213028276060415800e-02 6.185860237972505560e-02 6.184552434529841380e-02 6.175585865860405005e-02 -6.147697062479690749e-02 -6.165752083953311702e-02 -6.162283352996472674e-02 -6.159557242128593790e-02 -6.158592464245004477e-02 -6.154582916923180547e-02 -6.152800203671636436e-02 -6.150985192520549982e-02
6.012863439607177935e-04 -1.334579169686228410e-02 -1.229392076729354973e-02 1.970483727512489444e-02 6.158260618963592309e-02 -6.159132528613665836e-02 -6.157920431308794990e-02 -6.156707447299971520e-02 6.155614568461315744e-02 6.154621659312314863e-02 6.153698833878730456e-02 6.152819842392157068e-02 6.151961156343423165e-02 6.151098737243215070e-02 6.150203221827108685e-02 6.149231146989424940e-02 6.148104622162529898e-02 6.146651897325738217e-02 6.144372043088726365e-02 6.138819283153634093e-02 6.017840046887580618e-02 6.152429008775260610e-02 6.148133603549005288e-02 6.146247120315569828e-02 6.144996590977777617e-02 6.143939922252103503e-02 6.142871838103833304e-02 6.141560367538641263e-02 6.139323767292915318e-02 6.129225129392452259e-02 6.150745882377250950e-02 6.144802423099563621e-02 6.143124935187044278e-02 6.142142513475665200e-02 6.141442239105757150e-02 -6.140233282313177499e-02 -6.139904050132874436e-02 -6.139322230249626144e-02 -6.138721498064167448e-02 -6.138102883696799211e-02 -6.137446280028927004e-02 -6.136628884359798808e-02 -6.136932828098212028e-02 -6.135810781137265163e-02 -6.135054224197991624e-02 -6.134304081702232625e-02 -6.133527770952904717e-02 -6.132711956497816780e-02 -6.131844724512519607e-02 -6.130900442352907320e-02 -6.130193946459735338e-02 -6.128952981136746858e-02 6.127780943221502324e-02 6.126492811050527482e-02 6.125007313376204521e-02 6.122614090166057788e-02 6.122787702758319961e-02 6.120529532965100772e-02 6.118294183807264364e-02 6.115768290714407307e-02 6.112810415586678731e-02 6.109243237286804407e-02 6.104767759657244580e-02 6.098608413470711642e-02 6.095014888184320523e-02 6.073973704065875612e-02 -6.078877029287874101e-02 -6.054474258679280740e-02 -6.013154962013843308e-02 -5.895964855825733958e-02 -5.896904842808205205e-02 6.365595916579644409e-02 6.253879383492989830e-02 6.212179807969498563e-02 6.185026109622884100e-02 6.183732858393459209e-02 6.174771915703333725e-02 -6.146883510503931697e-02 -6.164946290886593600e-02 -6.161480182483185242e-02 -6.158756325822598715e-02 -6.157793571766460861e-02 -6.153785700695893479e-02 -6.152004612757666635e-02 -6.150191123869271081e-02
6.009062103858116462e-04 -1.335497234392488651e-02 -1.229824842140699384e-02 1.969904680251576348e-02 6.156940836845498088e-02 -6.157890463737158981e-02 -6.156720778629445195e-02 -6.155539339048918257e-02 6.154473367174244369e-02 6.153505395671749617e-02 6.152607094482279160e-02 6.151753411950815209e-02 6.150922013781340292e-02 6.150090334539373010e-02 6.149231146989424940e-02 6.148304516789756397e-02 6.147239177125816273e-02 6.145877919348814722e-02 6.143760155775430248e-02 6.138614152697748766e-02 6.022329750671987642e-02 6.150672326270324036e-02 6.146926466772174857e-02 6.145192471829245134e-02 6.144011151338073240e-02 6.142993194943176943e-02 6.141949556038229369e-02 6.140654915420922649e-02 6.138431015245778694e-02 6.128346277762382333e-02 6.149862012278482087e-02 6.143926976567587461e-02 6.142254581290215038e-02 6.141276189408483022e-02 6.140579578003999006e-02 -6.139371086132867916e-02 -6.139045329942822288e-02 -6.138465724106165200e-02 -6.137866889931643810e-02 -6.137249973615132442e-02 -6.136594936891429791e-02 -6.135779128108818925e-02 -6.136083405649551265e-02 -6.134963053230452906e-02 -6.134207720859426172e-02 -6.133458718010303262e-02 -6.132683502722790364e-02 -6.131868758561959815e-02 -6.131002586982078895e-02 -6.130059378453464602e-02 -6.129353763609240308e-02 -6.128114003205363536e-02 6.126943097486996226e-02 6.125656145936107799e-02 6.124171920757787851e-02 6.121780372123784147e-02 6.121954576128812303e-02 6.119698084902192026e-02 6.117464445792104855e-02 6.114940446682256420e-02 6.111984729519355508e-02 6.108420073616660506e-02 6.103947639020878418e-02 6.097792182476537842e-02 6.094202384753719115e-02 6.073170858960547785e-02 -6.078077354834918178e-02 -6.053689175639076492e-02 -6.012395223085195695e-02 -5.895272186222223765e-02 -5.896172962481614765e-02 6.364517823888674042e-02 6.252946456727771773e-02 6.211282071079713557e-02 6.184141671064893875e-02 6.182862287819069352e-02 6.173906570792545706e-02 -6.146017631419924826e-02 -6.164088669355211741e-02 -6.160625006819597099e-02 -6.157903266926680053e-02 -6.156942430550634004e-02 -6.152936119329333736e-02 -6.151156563021553669e-02 -6.149344502810357577e-02
5.993105492965043659e-04 -1.336698739057858715e-02 -1.230293140044933647e-02 1.969189760713994583e-02 6.155349029128520666e-02 -6.156402360910170207e-02 -6.155289262092624586e-02 -6.154149937082648708e-02 6.153119921430155737e-02 6.152185309011172498e-02 6.151319849717131610e-02 6.150500097754567352e-02 6.149705324027085473e-02 6.148914947466702086e-02 6.148104622162529898e-02 6.147239177125816273e-02 6.146256289684572799e-02 6.145018389363407496e-02 6.143119372495629144e-02 6.138522557015314157e-02 6.028576933030647955e-02 6.148484715737666945e-02 6.145480984485622578e-02 6.143952773017220120e-02 6.142864739868204860e-02 6.141898863994561114e-02 6.140888006607033572e-02 6.139615798502054411e-02 6.137408560430030607e-02 6.127340569788121416e-02 6.148853735640783663e-02 6.142928805977821566e-02 6.141262876135266530e-02 6.140289632986604962e-02 6.139597629183512345e-02 -6.138390181226096448e-02 -6.138068618956512429e-02 -6.137491771391262452e-02 -6.136895292817904496e-02 -6.136280465822304547e-02 -6.135627336666290427e-02 -6.134813436403895731e-02 -6.135118108171007389e-02 -6.133999753507705932e-02 -6.133245841195567732e-02 -6.132498140742179832e-02 -6.131724159283685749e-02 -6.130910603146480509e-02 -6.130045591372767361e-02 -6.129103538292316605e-02 -6.128398898087349805e-02 -6.127160380577553050e-02 6.125990648589729054e-02 6.124704908082858473e-02 6.123221975902756048e-02 6.120832131744546878e-02 6.121006863786453145e-02 6.118752039185696573e-02 6.116520073570776844e-02 6.113997912140275992e-02 6.111044274251094949e-02 6.107482034376263136e-02 6.103012499839962496e-02 6.096860736359133170e-02 6.093274408962801036e-02 6.072251921797009594e-02 -6.077161620922467977e-02 -6.052787137087164288e-02 -6.011517031174167663e-02 -5.894457207589888503e-02 -5.895326627496826066e-02 6.363344834932462002e-02 6.251906523283323747e-02 6.210274799523067546e-02 6.183146558652624636e-02 6.181880537599026421e-02 6.172929618451378220e-02 -6.145038731561140721e-02 -6.163119055705035265e-02 -6.159657659600469709e-02 -6.156937905352972973e-02 -6.155978897309740544e-02 -6.151974026527162048e-02 -6.150195917788237737e-02 -6.148385199294113812e-02
5.956174607287506150e-04 -1.338441529964677287e-02 -1.230837468196348088e-02 1.968212902011079110e-02 6.153204457315153419e-02 -6.154411621514443292e-02 -6.153382443572089078e-02 -6.152305612417256764e-02 6.151328995252929033e-02 6.150443969477755596e-02 6.149627375047416605e-02 6.148858157413610026e-02 6.148117983707871576e-02 6.147389240805827687e-02 6.146651897325738217e-02 6.145877919348814722e-02 6.145018389363407496e-02 6.143965173521127865e-02 6.142393840156716578e-02 6.138620047084515641e-02 6.038173913825008177e-02 6.145439547176280437e-02 6.143548177169081553e-02 6.142328220652549381e-02 6.141379779721964360e-02 6.140491698756811445e-02 6.139529662178608294e-02 6.138290666881920932e-02 6.136107706157801350e-02 6.126061842742693692e-02 6.147577429007273359e-02 6.141665792074471608e-02 6.140008971879850480e-02 6.139043042533798983e-02 6.138357481439003782e-02 -6.137152196057128750e-02 -6.136836233297004312e-02 -6.136263211293840197e-02 -6.135669989400033969e-02 -6.135058026054186070e-02 -6.134407482518852706e-02 -6.133596135107079184e-02 -6.133901328233296729e-02 -6.132785585921184807e-02 -6.132033496633992886e-02 -6.131287439251444787e-02 -6.130514986610148542e-02 -6.129702875282814351e-02 -6.128839246661080958e-02 -6.127898541168826790e-02 -6.127195081812427530e-02 -6.125957925291212330e-02 6.124789488920724667e-02 6.123505063238016827e-02 6.122023513469471157e-02 6.119635494461441588e-02 6.119810670466754865e-02 6.117557559205960560e-02 6.115327271541844828e-02 6.112806924260649755e-02 6.109855312543241435e-02 6.106295400561640579e-02 6.101828633231405619e-02 6.095680368149021533e-02 6.092097199385539119e-02 6.071083039917515162e-02 -6.075996106500802102e-02 -6.051634299930468142e-02 -6.010386372925149989e-02 -5.893385552250839099e-02 -5.894236340703349480e-02 6.361949217255459532e-02 6.250627808219412496e-02 6.209025589372278719e-02 6.181907970242984246e-02 6.180654987950342377e-02 6.171708303943215790e-02 -6.143812964752264072e-02 -6.161904698629155908e-02 -6.158445347700364225e-02 -6.155727431607996986e-02 -6.154770170626379377e-02 -6.150766594508751822e-02 -6.148989848548533366e-02 -6.147180378748314661e-02
