1.355168068235283046e-02 8.171585910822828924e-03 1.820174585638055281e-04 -9.402285646741371855e-04 -2.363383739281939636e-04 2.384306053719193472e-04 2.387440653363105702e-04 2.388125990107937968e-04 -2.388286794226737047e-04 -2.388380471971098332e-04 -2.388563896434172946e-04 -2.388917116441618396e-04 -2.389506305369592414e-04 -2.390412054880484288e-04 -2.391755467211834887e-04 -2.393742088573299926e-04 -2.396761883717167714e-04 -2.401670295823789519e-04 -2.410822610833235737e-04 -2.434230257061974418e-04 -2.681244058005273056e-04 -2.342244363216045510e-04 -2.375854849869312130e-04 -2.385755393210549770e-04 -2.391234704597304929e-04 -2.395807253534436841e-04 -2.401190245274690681e-04 -2.409747968088662843e-04 -2.429126690812322804e-04 -2.537221626765352278e-04 -2.282349531097083823e-04 -2.346286517677500583e-04 -2.359173809878028409e-04 -2.363118539775058786e-04 -2.359752498681407212e-04 2.393027386068517803e-04 2.378078413784875337e-04 2.376441307421735065e-04 2.375749567946725156e-04 2.375026152322954785e-04 2.373575330289221322e-04 2.367712160158411605e-04 2.398183420987595174e-04 2.383508910214663734e-04 2.381838093229540515e-04 2.381498956307924843e-04 2.381628380335145052e-04 2.382008834972619386e-04 2.382509263112315132e-04 2.382653481636955021e-04 2.392061360728941360e-04 2.388284687526838696e-04 -2.389956473289737472e-04 -2.392708551652780052e-04 -2.397421846471177822e-04 -2.416552409733721595e-04 -2.385289772913684679e-04 -2.396526175483530328e-04 -2.402918529639778847e-04 -2.409335641566780033e-04 -2.416693101816274193e-04 -2.425563158162096639e-04 -2.436602161725455571e-04 -2.451181036881963280e-04 -2.450125769920567451e-04 -2.446754338227584489e-04 2.569955734614173381e-04 2.621542457926210766e-04 2.742333127169718668e-04 3.066575236700820714e-04 3.503227444139741728e-04 -8.589318008284273416e-05 -1.801235166746765093e-04 -2.022851900688965674e-04 -2.289739368405997711e-04 -2.040737023867249906e-04 -2.113347754780601367e-04 2.415745492032569160e-04 2.140535884310947490e-04 2.155115835797936918e-04 2.162398949934043536e-04 2.170996837951899344e-04 2.164315456055555288e-04 2.163143769605507761e-04 2.158842613437603078e-04
8.171585910822828924e-03 6.209274899361295376e-03 8.831046037146866477e-04 -5.865812716736800532e-04 -2.974479041679473816e-04 2.990538439475705986e-04 2.994055276078838525e-04 2.995583376114244471e-04 -2.996567082092742437e-04 -2.997390734621910671e-04 -2.998203866357138005e-04 -2.999089361502805477e-04 -3.000114230397596198e-04 -3.001353777543782188e-04 -3.002913893161978254e-04 -3.004967633735590037e-04 -3.007837281330285857e-04 -3.012223653288830004e-04 -3.020046561814275846e-04 -3.039412727963932857e-04 -3.230310784823028957e-04 -2.964189673532907935e-04 -2.992274039751443519e-04 -3.000556115015587800e-04 -3.005085990726476123e-04 -3.008713700035321801e-04 -3.012729279601607506e-04 -3.018745283244136132e-04 -3.031784704950142898e-04 -3.102636949060343747e-04 -2.936809447317486081e-04 -2.979005937763624739e-04 -2.988003441524243308e-04 -2.991532992040555478e-04 -2.992271883229395452e-04 3.000423931965323383e-04 2.997840456198909366e-04 2.997945569134883442e-04 2.998119861502014627e-04 2.998141616152844415e-04 2.997720640085595905e-04 2.994943025109941489e-04 3.011315628814700590e-04 3.003881213262563445e-04 3.003305530288629581e-04 3.003442801500820296e-04 3.003844713544133482e-04 3.004406315734202610e-04 3.005079532825353085e-04 3.005711166321068783e-04 3.009555258007691296e-04 3.009088398936805506e-04 -3.010632627439889064e-04 -3.012852684446267024e-04 -3.016527541036480341e-04 -3.031467490005288227e-04 -3.006723076234247096e-04 -3.015273523443499871e-04 -3.019915608757424864e-04 -3.024445184275279777e-04 -3.029549501558028053e-04 -3.035639737156383593e-04 -3.043196139445372424e-04 -3.053330131207799333e-04 -3.050518572624917645e-04 -3.054791680347149880e-04 3.125638375103533548e-04 3.160391502293753273e-04 3.238151312960470350e-04 3.447506173384651826e-04 3.434801615437935445e-04 -2.036434552295845394e-04 -2.642510146584123028e-04 -2.785536409030921678e-04 -2.973509767828927332e-04 -2.785885203016116602e-04 -2.836499001232216941e-04 3.011518597279477859e-04 2.857519872262031797e-04 2.867501493829062225e-04 2.872981530205234030e-04 2.879266552543497293e-04 2.876028631233465329e-04 2.876282667304430759e-04 2.874481284867819132e-04
1.820174585638055281e-04 8.831046037146866477e-04 8.116926205121308613e-04 1.639830766157676092e-04 -9.323435524772427207e-05 9.305641577123117600e-05 9.310430226723658529e-05 9.316940187419787544e-05 -9.323287761052146360e-05 -9.329301109346074751e-05 -9.335066976934173252e-05 -9.340717133060380648e-05 -9.346398909196975476e-05 -9.352286529914328149e-05 -9.358614012471416766e-05 -9.365743696578826137e-05 -9.374326015207433502e-05 -9.385746527401338788e-05 -9.403755720452792771e-05 -9.443990354833704283e-05 -9.783238085083435722e-05 -9.299498334514004071e-05 -9.358007048936783717e-05 -9.376320022493053806e-05 -9.386825607415038577e-05 -9.395041317526553308e-05 -9.403131431689631698e-05 -9.413218290230613357e-05 -9.431137691697066947e-05 -9.514192014792167257e-05 -9.330384048213409662e-05 -9.382018050815461321e-05 -9.397010159777450134e-05 -9.408528917836398505e-05 -9.431347858798501415e-05 9.342504910333166498e-05 9.392414792757140070e-05 9.401792744590936883e-05 9.407336509243004836e-05 9.411885354761958297e-05 9.416517526006091664e-05 9.424109534700136610e-05 9.405591731046178167e-05 9.419498128143459438e-05 9.424148306410685754e-05 9.427997436022056866e-05 9.431735994186582137e-05 9.435624291550662776e-05 9.439982290806863427e-05 9.446201152120666856e-05 9.427723024645821674e-05 9.447344724913777812e-05 -9.453691770541374048e-05 -9.460338332953323814e-05 -9.469727523286281868e-05 -9.503942754618547640e-05 -9.449263508704809839e-05 -9.468312864957108646e-05 -9.478217234589433914e-05 -9.487279125049793863e-05 -9.496870800829466789e-05 -9.507694445333367804e-05 -9.520506724792395241e-05 -9.536889007727720807e-05 -9.542440514138060808e-05 -9.579093054744515945e-05 9.608397861673416559e-05 9.663789564045197045e-05 9.763323803538730475e-05 1.003191674650344471e-04 7.620282411609121927e-05 -8.407545196819317455e-05 -9.088312706539992665e-05 -9.262272946504177874e-05 -9.586771147328911936e-05 -9.197937798457509850e-05 -9.277988936026746543e-05 9.007925007282693722e-05 9.351299419604307283e-05 9.362683890979175971e-05 9.374262848038658678e-05 9.379739723461101900e-05 9.396340457498788569e-05 9.404704691311618957e-05 9.410814491715915203e-05
-9.402285646741371855e-04 -5.865812716736800532e-04 1.639830766157676092e-04 3.494298794906569561e-04 1.665928272893820936e-04 -1.673382646727128128e-04 -1.674293654363896982e-04 -1.674292395510055772e-04 1.674074227212273306e-04 1.673796715897771421e-04 1.673506135769551153e-04 1.673217619376658532e-04 1.672935795319328584e-04 1.672661165463186646e-04 1.672392147771986734e-04 1.672125301240585536e-04 1.671853854583643976e-04 1.671561847103519231e-04 1.671197489743681181e-04 1.670458129462433603e-04 1.647185502531222864e-04 1.670795284788143572e-04 1.670725702479728000e-04 1.670498099233186579e-04 1.670292531230788558e-04 1.670112774681084436e-04 1.669967132946672400e-04 1.669886640541740021e-04 1.669998090167440366e-04 1.671617277842441191e-04 1.666906387266217692e-04 1.667814919974613681e-04 1.667759075274335750e-04 1.667447480905398472e-04 1.666503512012225754e-04 -1.670310506025939675e-04 -1.668120031540178876e-04 -1.667633548548415855e-04 -1.667286976340459301e-04 -1.666948718122222947e-04 -1.666529395872603614e-04 -1.665594057508880095e-04 -1.668880563956385307e-04 -1.666909274961797039e-04 -1.666435953697412565e-04 -1.666102029243800504e-04 -1.665803482902405010e-04 -1.665510392236153208e-04 -1.665200019793223031e-04 -1.664792388583338312e-04 -1.665782545740927801e-04 -1.664653466680531772e-04 1.664290262262315019e-04 1.663965532887055931e-04 1.663657748766889067e-04 1.663516077417837035e-04 1.662667682598384334e-04 1.662367250011585805e-04 1.661947603759631636e-04 1.661465142308910414e-04 1.660911571567612842e-04 1.660261118398154297e-04 1.659461943558803072e-04 1.658382004923616656e-04 1.656706071938803578e-04 1.650437211612550061e-04 -1.658554210626903469e-04 -1.653954655128235854e-04 -1.648113070116228619e-04 -1.631460465635698126e-04 -1.719949695080233356e-04 1.660750627584687623e-04 1.671757670524100443e-04 1.669915579621030486e-04 1.672023155532611496e-04 1.664430022041384885e-04 1.665019160685890921e-04 -1.697805279989948854e-04 -1.661500894860984357e-04 -1.661520685744022102e-04 -1.661113662275340937e-04 -1.661763992329680307e-04 -1.659390154885840055e-04 -1.658767743487422409e-04 -1.657996100068843633e-04
-2.363383739281939636e-04 -2.974479041679473816e-04 -9.323435524772427207e-05 1.665928272893820936e-04 2.870245081138457391e-04 -2.867487605205891856e-04 -2.864567900626070079e-04 -2.862125989090575913e-04 2.859983840171769257e-04 2.858004131082352906e-04 2.856090298474857933e-04 2.854163742907895847e-04 2.852146717366136502e-04 2.849945988069497744e-04 2.847429683367475842e-04 2.844383212756976991e-04 2.840406463799387748e-04 2.834621757409974425e-04 2.824584206863623445e-04 2.799618171700151521e-04 2.486561002106863058e-04 2.890892066611150564e-04 2.858662470996809575e-04 2.849351792355623680e-04 2.844913575107976020e-04 2.842250227779526844e-04 2.840385118184472909e-04 2.838869931105460144e-04 2.837289307509019334e-04 2.833096345381001043e-04 2.840124629217124553e-04 2.837612367004013541e-04 2.836635359454308552e-04 2.835935197984678388e-04 2.835332367981486731e-04 -2.834810156912652142e-04 -2.834321598042701513e-04 -2.833835310319547445e-04 -2.833355580029274035e-04 -2.832870341523784216e-04 -2.832355256579648095e-04 -2.831671364520498219e-04 -2.832306633156165556e-04 -2.831288526445051345e-04 -2.830724127483577254e-04 -2.830189033931856772e-04 -2.829647928811046542e-04 -2.829088766538308090e-04 -2.828502772391956483e-04 -2.827872813415574201e-04 -2.827410819700606581e-04 -2.826602821240962278e-04 2.825854846265248564e-04 2.825053941251890887e-04 2.824182390274457234e-04 2.823196261155093791e-04 2.822195625618836357e-04 2.821012010798650948e-04 2.819674542932829975e-04 2.818137249573157569e-04 2.816336952875399366e-04 2.814177683361353895e-04 2.811495126370849233e-04 2.807889392009906568e-04 2.804916317234872232e-04 2.793069683029196157e-04 -2.795817476637823856e-04 -2.781529209525898400e-04 -2.757622723587047965e-04 -2.691601760931948265e-04 -2.700663000385977665e-04 2.989269140058789347e-04 2.904148769418218542e-04 2.877798308520717642e-04 2.867201830990092812e-04 2.855926923842725686e-04 2.851830701551923619e-04 -2.846733687324109682e-04 -2.845585901092807985e-04 -2.843616665360156276e-04 -2.841944344400876201e-04 -2.841200338951653851e-04 -2.838807657271605789e-04 -2.837608759236078231e-04 -2.836372089970602673e-04
2.384306053719193472e-04 2.990538439475705986e-04 9.305641577123117600e-05 -1.673382646727128128e-04 -2.867487605205891856e-04 2.865013855003039744e-04 2.862240534129640093e-04 2.859905715106305594e-04 -2.857854373780572632e-04 -2.855958665562900278e-04 -2.854127435834868552e-04 -2.852286199968684616e-04 -2.850361289521861820e-04 -2.848264492565343855e-04 -2.845871217626241715e-04 -2.842978902845573171e-04 -2.839210017469800777e-04 -2.833736459402031935e-04 -2.824250877922782153e-04 -2.800670912250096973e-04 -2.503601252075103568e-04 -2.886652533531634422e-04 -2.856296806274070542e-04 -2.847505655686500821e-04 -2.843303022125783235e-04 -2.840771382924021991e-04 -2.838989556883973276e-04 -2.837532184981924450e-04 -2.835996825778242252e-04 -2.831865503888902750e-04 -2.838840601046655290e-04 -2.836365248182604981e-04 -2.835406654574426622e-04 -2.834719968797436130e-04 -2.834127991196731334e-04 2.833613653082490231e-04 2.833132958226713613e-04 2.832653079995394937e-04 2.832178875768242080e-04 2.831698449438719753e-04 2.831187514442158343e-04 2.830506643154869200e-04 2.831150269666716417e-04 2.830133146831819465e-04 2.829571535009272145e-04 2.829039241980410525e-04 2.828500852329511941e-04 2.827944317223473822e-04 2.827360864277725025e-04 2.826733275181537064e-04 2.826275756394234736e-04 2.825469097717525635e-04 -2.824723701261773489e-04 -2.823925582227926052e-04 -2.823057127660640541e-04 -2.822075801856921092e-04 -2.821074615204112717e-04 -2.819895332188339550e-04 -2.818561958500976749e-04 -2.817029148583953058e-04 -2.815233952972516864e-04 -2.813080649559502027e-04 -2.810405282228413686e-04 -2.806808659770412178e-04 -2.803843107701223139e-04 -2.792012392239054137e-04 2.794785289840498650e-04 2.780530887996403321e-04 2.756688258010706635e-04 2.690838310229336661e-04 2.699999947854157594e-04 -2.987480033712215893e-04 -2.902761806870289346e-04 -2.876505650507365326e-04 -2.865953537573575033e-04 -2.854698375605137293e-04 -2.850618592879529400e-04 2.845599082395629145e-04 2.844387997440906432e-04 2.842425678832268053e-04 2.840758349346411259e-04 2.840020904546878980e-04 2.837627485795622272e-04 2.836431342663585375e-04 2.835196800632781323e-04
2.387440653363105702e-04 2.994055276078838525e-04 9.310430226723658529e-05 -1.674293654363896982e-04 -2.864567900626070079e-04 2.862240534129640093e-04 2.859545357760550797e-04 2.857268310388891069e-04 -2.855266156312069592e-04 -2.853416022935177849e-04 -2.851629632544573634e-04 -2.849834707965838930e-04 -2.847959778954461648e-04 -2.845919345692218697e-04 -2.843592751289906952e-04 -2.840783936193483242e-04 -2.837127577458798061e-04 -2.831822376143927752e-04 -2.822635345666677236e-04 -2.799804973788441514e-04 -2.511394401362808783e-04 -2.882926479031998920e-04 -2.853583359457620276e-04 -2.845073110010143619e-04 -2.840997922268000088e-04 -2.838537572006513904e-04 -2.836800831507495994e-04 -2.835374711397197866e-04 -2.833863609873575194e-04 -2.829763722902537424e-04 -2.836715177343478948e-04 -2.834258690287236207e-04 -2.833310009205711297e-04 -2.832630817642798238e-04 -2.832045454059149378e-04 2.831532184040408558e-04 2.831057530138411898e-04 2.830581495231008094e-04 2.830110542016600920e-04 2.829632975452057130e-04 2.829124613220173343e-04 2.828446153207741826e-04 2.829091400243145425e-04 2.828076487776439579e-04 2.827516755785672406e-04 2.826986226923492449e-04 2.826449522833223739e-04 2.825894618665041633e-04 2.825312762723658608e-04 2.824686759590750297e-04 2.824230749159651580e-04 2.823425738035604269e-04 -2.822681990265889533e-04 -2.821885593364854426e-04 -2.821019007264670875e-04 -2.820040314086012302e-04 -2.819039496347845058e-04 -2.817862714542969903e-04 -2.816531806799843019e-04 -2.815001711731625702e-04 -2.813209605336480595e-04 -2.811059914299868538e-04 -2.808388909692460236e-04 -2.804797868580827420e-04 -2.801837563025276956e-04 -2.790020164331730558e-04 2.792799382064818582e-04 2.778566182908097089e-04 2.754761243838806670e-04 2.689013182371900647e-04 2.698155364211954582e-04 -2.985105340555536729e-04 -2.900583019228675599e-04 -2.874376698081546663e-04 -2.863845861738986329e-04 -2.852606660698554829e-04 -2.848534874492195568e-04 2.843527957770003705e-04 2.842314515783910239e-04 2.840355728059508651e-04 2.838691296249275611e-04 2.837956673630181352e-04 2.835564847715746285e-04 2.834370630085203749e-04 2.833137811693664325e-04
2.388125990107937968e-04 2.995583376114244471e-04 9.316940187419787544e-05 -1.674292395510055772e-04 -2.862125989090575913e-04 2.859905715106305594e-04 2.857268310388891069e-04 2.855034110983936018e-04 -2.853068486727522815e-04 -2.851252221443502832e-04 -2.849499162525747330e-04 -2.847738668175198813e-04 -2.845900899551062277e-04 -2.843902371458986549e-04 -2.841625350870573665e-04 -2.838878610979197223e-04 -2.835305902717848376e-04 -2.830125850211912333e-04 -2.821160744332467372e-04 -2.798887584613915665e-04 -2.516916446262321811e-04 -2.879883276088305612e-04 -2.851292735799065728e-04 -2.842991268242984690e-04 -2.839010804897362187e-04 -2.836603433924540438e-04 -2.834900185163414664e-04 -2.833497249225550496e-04 -2.832004055625538083e-04 -2.827926791921129505e-04 -2.834862486414406100e-04 -2.832419579398065199e-04 -2.831478192174767647e-04 -2.830804569323517174e-04 -2.830224219062593477e-04 2.829711197659796570e-04 2.829241308854533988e-04 2.828768175164383817e-04 2.828299664996308826e-04 2.827824250949048917e-04 2.827317842443426849e-04 2.826641306087676869e-04 2.827287149924273459e-04 2.826274191440555396e-04 2.825715904493315334e-04 2.825186708877544159e-04 2.824651271723946041e-04 2.824097590962178629e-04 2.823516933911392321e-04 2.822892135580688734e-04 2.822437029666697932e-04 2.821633386126113003e-04 -2.820890871573439123e-04 -2.820095750950337723e-04 -2.819230540572071199e-04 -2.818253747182070178e-04 -2.817253292267821521e-04 -2.816078328329199403e-04 -2.814749224303541957e-04 -2.813221114332312145e-04 -2.811431264271804938e-04 -2.809284209171041273e-04 -2.806616387300533608e-04 -2.803029424601853744e-04 -2.800073059906324946e-04 -2.788265977999340424e-04 2.791048300778213825e-04 2.776830657146561873e-04 2.753053011606795050e-04 2.687378983809531920e-04 2.696494298734902176e-04 -2.983085191473434992e-04 -2.898695732725091066e-04 -2.872524271917338578e-04 -2.862008058190830821e-04 -2.850780894300118141e-04 -2.846714598617181079e-04 2.841710615335249664e-04 2.840502002132227295e-04 2.838545661375913931e-04 2.836883313685224501e-04 2.836150532076883919e-04 2.833760236045084900e-04 2.832567462950494265e-04 2.831335972227031232e-04
-2.388286794226737047e-04 -2.996567082092742437e-04 -9.323287761052146360e-05 1.674074227212273306e-04 2.859983840171769257e-04 -2.857854373780572632e-04 -2.855266156312069592e-04 -2.853068486727522815e-04 2.851134025507512837e-04 2.849346663330109370e-04 2.847622056786816417e-04 2.845890958395294774e-04 2.844084921702301266e-04 2.842122182055376728e-04 2.839887504284360179e-04 2.837193790824335603e-04 2.833692546115516809e-04 2.828619418800771613e-04 2.819843935847126618e-04 2.798046915166701857e-04 2.521579041576753029e-04 2.877226038796311088e-04 2.849278554524287610e-04 2.841155472135941393e-04 2.837255928859343831e-04 2.834893802098612577e-04 2.833219137221068811e-04 2.831835959617551540e-04 2.830357962032691173e-04 2.826299495313461902e-04 2.833222939099776499e-04 2.830791310364312629e-04 2.829856075711602412e-04 2.829187170803481211e-04 2.828611080942941233e-04 -2.828098221205298788e-04 -2.827632397061599265e-04 -2.827161725585906481e-04 -2.826695286338126007e-04 -2.826221696310630537e-04 -2.825716945943627825e-04 -2.825042064746023803e-04 -2.825688241451908083e-04 -2.824677008717321291e-04 -2.824119944797462097e-04 -2.823591869119303080e-04 -2.823057492072372668e-04 -2.822504832116412218e-04 -2.821925173505135148e-04 -2.821301380243901595e-04 -2.820846962711994334e-04 -2.820044486609609552e-04 2.819302989587332635e-04 2.818508917024424012e-04 2.817644832799346744e-04 2.816669590657296888e-04 2.815669430687031747e-04 2.814495944628200288e-04 2.813168303962510441e-04 2.811641801471843677e-04 2.809853775541736693e-04 2.807708848603514512e-04 2.805043593997776216e-04 2.801459920653650605e-04 2.798506762060970834e-04 2.786708138630968837e-04 -2.789492585843202045e-04 -2.775287490285104704e-04 -2.751531785552177437e-04 -2.685917419324783894e-04 -2.695008756312992308e-04 2.981318568583485795e-04 2.897031960212586199e-04 2.870888010593381791e-04 2.860383404680113292e-04 2.849165807902484895e-04 2.845103844197286055e-04 -2.840100258025607307e-04 -2.838897601020190921e-04 -2.836943186619946575e-04 -2.835282505557415868e-04 -2.834551134310747027e-04 -2.832162185917111181e-04 -2.830970585504769704e-04 -2.829740181079461506e-04
-2.388380471971098332e-04 -2.997390734621910671e-04 -9.329301109346074751e-05 1.673796715897771421e-04 2.858004131082352906e-04 -2.855958665562900278e-04 -2.853416022935177849e-04 -2.851252221443502832e-04 2.849346663330109370e-04 2.847586115758817069e-04 2.845887912015244970e-04 2.844184098016423138e-04 2.842407519931482011e-04 2.840478011221449673e-04 2.838282657528576748e-04 2.835638198424880285e-04 2.832203343866283472e-04 2.827229564246839795e-04 2.818630285935992035e-04 2.797275748138983165e-04 2.525922298367119963e-04 2.874766556321869926e-04 2.847416685520589045e-04 2.839459361548759696e-04 2.835634993001789699e-04 2.833314880919592126e-04 2.831666739776139046e-04 2.830301867608031445e-04 2.828837886401672718e-04 2.824796391712810920e-04 2.831709544018754703e-04 2.829288091285402096e-04 2.828358489273126680e-04 2.827693915013347039e-04 2.827121722722498640e-04 -2.826609116899791605e-04 -2.826146974785030013e-04 -2.825678555494572411e-04 -2.825214010747874641e-04 -2.824742087534613008e-04 -2.824238850626636368e-04 -2.823565482289686697e-04 -2.824211922950887999e-04 -2.823202272102858716e-04 -2.822646314822461664e-04 -2.822119248013120669e-04 -2.821585822508814248e-04 -2.821034075722529851e-04 -2.820455307428260724e-04 -2.819832408383935265e-04 -2.819378586540019667e-04 -2.818577150119191879e-04 2.817836549010774012e-04 2.817043396054510996e-04 2.816180297795941277e-04 2.815206419716280938e-04 2.814206488835136518e-04 2.813034289902321180e-04 2.811707916285392708e-04 2.810182801735072906e-04 2.808396347487123715e-04 2.806253251038213635e-04 2.803590201560753124e-04 2.800009350930372115e-04 2.797058949100784345e-04 2.785267592406958357e-04 -2.788053807488119528e-04 -2.773859463469041079e-04 -2.750122563818983390e-04 -2.684559454915134958e-04 -2.693630968568862835e-04 2.979702534272180080e-04 2.895501457546361345e-04 2.869380766057590452e-04 2.858886142726578430e-04 2.847676461708358118e-04 2.843618190399508348e-04 -2.838614183464218473e-04 -2.837417438751964186e-04 -2.835464653945884528e-04 -2.833805393958343274e-04 -2.833075199803763056e-04 -2.830687450547543092e-04 -2.829496855672066868e-04 -2.828267384066899788e-04
-2.388563896434172946e-04 -2.998203866357138005e-04 -9.335066976934173252e-05 1.673506135769551153e-04 2.856090298474857933e-04 -2.854127435834868552e-04 -2.851629632544573634e-04 -2.849499162525747330e-04 2.847622056786816417e-04 2.845887912015244970e-04 2.844215711719055417e-04 2.842538775664641489e-04 2.840791223953278836e-04 2.838894465822983278e-04 2.836737875953807518e-04 2.834141979084826867e-04 2.830772593594054940e-04 2.825896798888678351e-04 2.817471330851062470e-04 2.796553303726204468e-04 2.530245164904589852e-04 2.872378385820881295e-04 2.845618090332591838e-04 2.837824270116535768e-04 2.834074033736720352e-04 2.831795334406183315e-04 2.830173315228315845e-04 2.828826440200494542e-04 2.827376173609523718e-04 2.823350902096850856e-04 2.830255034943625304e-04 2.827843300739516321e-04 2.826919162641975520e-04 2.826258798369933535e-04 2.825690370636066168e-04 -2.825178188469860724e-04 -2.824719542544677753e-04 -2.824253299875422764e-04 -2.823790587568831222e-04 -2.823320274239829453e-04 -2.822818495486438930e-04 -2.822146578505325986e-04 -2.822793287298146626e-04 -2.821785142449883968e-04 -2.821230238712653794e-04 -2.820704129290123145e-04 -2.820171603453692187e-04 -2.819620716692491707e-04 -2.819042783494211794e-04 -2.818420719491116833e-04 -2.817967456909612465e-04 -2.817166981622782587e-04 2.816427207884575367e-04 2.815634901507519370e-04 2.814772709125854715e-04 2.813800094237805150e-04 2.812800332609195352e-04 2.811629310216491552e-04 2.810304085140394206e-04 2.808780224167603187e-04 2.806995185713513099e-04 2.804853734638955735e-04 2.802192663663195804e-04 2.798614341733661600e-04 2.795666406472430729e-04 2.783881512949896303e-04 -2.786669390438380276e-04 -2.772484652145270701e-04 -2.748764594197704715e-04 -2.683247512914638429e-04 -2.692303421889763958e-04 2.978162363864105639e-04 2.894035624119084202e-04 2.867935495727068178e-04 2.857449919202118688e-04 2.846246957638660945e-04 2.842191995846696977e-04 -2.837187307142146914e-04 -2.835996183015057994e-04 -2.834044842877239223e-04 -2.832386848421721763e-04 -2.831657691053677617e-04 -2.829271031505047225e-04 -2.828081333283492360e-04 -2.826852692010395200e-04
-2.388917116441618396e-04 -2.999089361502805477e-04 -9.340717133060380648e-05 1.673217619376658532e-04 2.854163742907895847e-04 -2.852286199968684616e-04 -2.849834707965838930e-04 -2.847738668175198813e-04 2.845890958395294774e-04 2.844184098016423138e-04 2.842538775664641489e-04 2.840889628063316720e-04 2.839172093151042702e-04 2.837309211010223824e-04 2.835192726023585811e-04 2.832647082067986832e-04 2.829345458054009690e-04 2.824571096470708921e-04 2.816325580397651437e-04 2.795859532393590841e-04 2.534775283270895418e-04 2.869959631021183600e-04 2.843809840216144475e-04 2.836185299363781125e-04 2.832511791317701157e-04 2.830275933479088775e-04 2.828680913059997376e-04 2.827352604427775290e-04 2.825916412297645500e-04 2.821907355608391601e-04 2.828803420305152946e-04 2.826401390143541909e-04 2.825482805321974399e-04 2.824826729496092556e-04 2.824262105110649694e-04 -2.823750579929581658e-04 -2.823295389789309850e-04 -2.822831348846523104e-04 -2.822370492506583086e-04 -2.821901807088133987e-04 -2.821401498114649428e-04 -2.820731033299136710e-04 -2.821378054046811117e-04 -2.820371395635652505e-04 -2.819817538994901949e-04 -2.819292378540535007e-04 -2.818760740976621656e-04 -2.818210699614947926e-04 -2.817633583366657658e-04 -2.817012331381652727e-04 -2.816559626148055335e-04 -2.815760069368050417e-04 2.815021090232090696e-04 2.814229594245139330e-04 2.813368267180494644e-04 2.812396871187337324e-04 2.811397221722134886e-04 2.810227316778962431e-04 2.808903171115534358e-04 2.807380482967160133e-04 2.805596764767157307e-04 2.803456843882096649e-04 2.800797608567154404e-04 2.797221627716248897e-04 2.794275968714103218e-04 2.782496978603101194e-04 -2.785286551163197537e-04 -2.771110672074647693e-04 -2.747406210089221174e-04 -2.681931886065854940e-04 -2.690976484804877755e-04 2.976638333112339128e-04 2.892578116692185570e-04 2.866496763470769088e-04 2.856019711789652832e-04 2.844822533466447338e-04 2.840770649709655491e-04 -2.835765235440038958e-04 -2.834579419192549752e-04 -2.832629404204686026e-04 -2.830972574063998553e-04 -2.830244365714983459e-04 -2.827858717539976805e-04 -2.826669843427276558e-04 -2.825441962269510535e-04
-2.389506305369592414e-04 -3.000114230397596198e-04 -9.346398909196975476e-05 1.672935795319328584e-04 2.852146717366136502e-04 -2.850361289521861820e-04 -2.847959778954461648e-04 -2.845900899551062277e-04 2.844084921702301266e-04 2.842407519931482011e-04 2.840791223953278836e-04 2.839172093151042702e-04 2.837486989876128614e-04 2.835660717733470468e-04 2.833587584306666786e-04 2.831096273250145018e-04 2.827867926757010510e-04 2.823203274490529197e-04 2.815152420982682219e-04 2.795175348801906090e-04 2.539742297564859361e-04 2.867409004398809242e-04 2.841919734895764294e-04 2.834478309393260119e-04 2.830887775525737300e-04 2.828698221925782263e-04 2.827132354341183561e-04 2.825824052809785625e-04 2.824402940087114328e-04 2.820410738390516999e-04 2.827299577758733782e-04 2.824907624092243903e-04 2.823994925997806997e-04 2.823343408198807514e-04 2.822782788965427520e-04 -2.822272233809813759e-04 -2.821820590838807082e-04 -2.821358872671434728e-04 -2.820899977591505986e-04 -2.820433009523705512e-04 -2.819934245496085443e-04 -2.819265293077188005e-04 -2.819912702006424502e-04 -2.818907564758063393e-04 -2.818354791706750634e-04 -2.817830610830137782e-04 -2.817299886335627502e-04 -2.816750709722388849e-04 -2.816174424530141249e-04 -2.815553992592593991e-04 -2.815101871147063857e-04 -2.814303220571763315e-04 2.813565032575385282e-04 2.812774340494095032e-04 2.811913869682577016e-04 2.810943693974979579e-04 2.809944097929677480e-04 2.808775291161361197e-04 2.807452192841406466e-04 2.805930636353226398e-04 2.804148186862095798e-04 2.802009731400552806e-04 2.799352248733584687e-04 2.795778496660922957e-04 2.792834994680707598e-04 2.781061515194856756e-04 -2.783852920696265935e-04 -2.769685433050279150e-04 -2.745995827421761197e-04 -2.680562390978733596e-04 -2.689600350806364750e-04 2.975073659819922394e-04 2.891074175436125142e-04 2.865010405235478828e-04 2.854541653458273430e-04 2.843349466142593282e-04 2.839300533622443655e-04 -2.834294447967852597e-04 -2.833113670502193865e-04 -2.831164904989661823e-04 -2.829509175367395319e-04 -2.828781862956336753e-04 -2.826397172607456455e-04 -2.825209075583661042e-04 -2.823981906933279384e-04
-2.390412054880484288e-04 -3.001353777543782188e-04 -9.352286529914328149e-05 1.672661165463186646e-04 2.849945988069497744e-04 -2.848264492565343855e-04 -2.845919345692218697e-04 -2.843902371458986549e-04 2.842122182055376728e-04 2.840478011221449673e-04 2.838894465822983278e-04 2.837309211010223824e-04 2.835660717733470468e-04 2.833875782011535845e-04 2.831851608089491984e-04 2.829421671660982407e-04 2.826276116093132465e-04 2.821735437970271940e-04 2.813904589227679120e-04 2.794480205083441668e-04 2.545434326519179055e-04 2.864603926064605713e-04 2.839861292805346432e-04 2.832626818646459088e-04 2.829130030004014477e-04 2.826992762560369518e-04 2.825459780475773745e-04 2.824173998618429945e-04 2.822769751973744378e-04 2.818795757777318241e-04 2.825678287040569352e-04 2.823297206171274934e-04 2.822391016280159995e-04 2.821744554294747308e-04 2.821188333930780569e-04 -2.820679181088040920e-04 -2.820231323685727610e-04 -2.819772162896261162e-04 -2.819315431454717086e-04 -2.818850354743279046e-04 -2.818353285701502282e-04 -2.817685975491679732e-04 -2.818333886372484647e-04 -2.817330367715652250e-04 -2.816778763780229200e-04 -2.816255637162872741e-04 -2.815725890909095779e-04 -2.815177635790905904e-04 -2.814602230745086591e-04 -2.813982659998911454e-04 -2.813531179393651167e-04 -2.812733453530725982e-04 2.811996082938725641e-04 2.811206217926946901e-04 2.810346625339681646e-04 2.809377717359165831e-04 2.808378108940291513e-04 2.807210418967879574e-04 2.805888369686983046e-04 2.804367938922708889e-04 2.802586744999574866e-04 2.800449733467732616e-04 2.797793970994341922e-04 2.794222398105397349e-04 2.791280992766362432e-04 2.779512757798105775e-04 -2.782306243573010734e-04 -2.768146905726689370e-04 -2.744471837414184392e-04 -2.679078607035584553e-04 -2.688115463233859835e-04 2.973402998520727463e-04 2.889459698766805198e-04 2.863412762458296119e-04 2.852952345304239699e-04 2.841764418273684989e-04 2.837718396471980604e-04 -2.832711745603658693e-04 -2.831535805216336033e-04 -2.829588247584005557e-04 -2.827933584636382089e-04 -2.827207142155922976e-04 -2.824823377773399220e-04 -2.823636031499572726e-04 -2.822409545717672339e-04
-2.391755467211834887e-04 -3.002913893161978254e-04 -9.358614012471416766e-05 1.672392147771986734e-04 2.847429683367475842e-04 -2.845871217626241715e-04 -2.843592751289906952e-04 -2.841625350870573665e-04 2.839887504284360179e-04 2.838282657528576748e-04 2.836737875953807518e-04 2.835192726023585811e-04 2.833587584306666786e-04 2.831851608089491984e-04 2.829885435416350085e-04 2.827528223405819069e-04 2.824480787891178388e-04 2.820087063246237225e-04 2.812517034813235358e-04 2.793747937523965324e-04 2.552274492421081550e-04 2.861369694289256837e-04 2.837512358962058362e-04 2.830523225677333203e-04 2.827137536509472340e-04 2.825062199379481387e-04 2.823568127145426282e-04 2.822308928670129772e-04 2.820924454706276799e-04 2.816970968849178097e-04 2.823848407179113023e-04 2.821479558482524984e-04 2.820580903343669014e-04 2.819940318591603132e-04 2.819389160082158086e-04 -2.818882036334521097e-04 -2.818438400530476231e-04 -2.817982191771975379e-04 -2.817527963554176127e-04 -2.817065071505996218e-04 -2.816569952718143738e-04 -2.815904511591406107e-04 -2.816553092502436443e-04 -2.815551375850978391e-04 -2.815001093924076876e-04 -2.814479156385448475e-04 -2.813950508167958517e-04 -2.813403281391657824e-04 -2.812828851919653493e-04 -2.812210226731309609e-04 -2.811759485214837323e-04 -2.810962740764006741e-04 2.810226251097876844e-04 2.809437272980431577e-04 2.808578618536768296e-04 2.807611083249103795e-04 2.806611381824813283e-04 2.805444872147068685e-04 2.804123911821985158e-04 2.802604639704225778e-04 2.800824729652164361e-04 2.798689186320389927e-04 2.796035164037532139e-04 2.792465784524743181e-04 2.789526474595341830e-04 2.777763328577307223e-04 -2.780559287313092852e-04 -2.766408079511553956e-04 -2.742747657015804524e-04 -2.677395190574003250e-04 -2.686438137865896519e-04 2.971536703358495244e-04 2.887645753327404896e-04 2.861615286763698803e-04 2.851163521524660680e-04 2.839979109395024035e-04 2.835936045331190463e-04 -2.830928970520743657e-04 -2.829757752795701228e-04 -2.827811393336270083e-04 -2.826157792204703786e-04 -2.825432219566019238e-04 -2.823049371499337045e-04 -2.821862769811718020e-04 -2.820636954204492394e-04
-2.393742088573299926e-04 -3.004967633735590037e-04 -9.365743696578826137e-05 1.672125301240585536e-04 2.844383212756976991e-04 -2.842978902845573171e-04 -2.840783936193483242e-04 -2.838878610979197223e-04 2.837193790824335603e-04 2.835638198424880285e-04 2.834141979084826867e-04 2.832647082067986832e-04 2.831096273250145018e-04 2.829421671660982407e-04 2.827528223405819069e-04 2.825262214471212317e-04 2.822337852994329099e-04 2.818128484946620009e-04 2.810885705267809052e-04 2.792938866431295868e-04 2.560966856968954048e-04 2.857420719674533347e-04 2.834674332218551198e-04 2.827993019083184143e-04 2.824746678068229219e-04 2.822748973475013739e-04 2.821303623225497408e-04 2.820077630707391631e-04 2.818717672081290566e-04 2.814788475718912972e-04 2.821662747378848759e-04 2.819308367992995638e-04 2.818418930694942389e-04 2.817785572078028997e-04 2.817240574512070014e-04 -2.816736449016683883e-04 -2.816297782356339593e-04 -2.815845180375821572e-04 -2.815394018351321474e-04 -2.814933798331848802e-04 -2.814441055856901452e-04 -2.813777867428255363e-04 -2.814427376976139528e-04 -2.813427782954172271e-04 -2.812879083851968888e-04 -2.812358566208568900e-04 -2.811831222592669002e-04 -2.811285210125476761e-04 -2.810711924326467280e-04 -2.810094396211076711e-04 -2.809644557666400610e-04 -2.808848908477099070e-04 2.808113419654973200e-04 2.807325443261661263e-04 2.806467843375106937e-04 2.805501872555502202e-04 2.804501969202619028e-04 2.803336768598501923e-04 2.802016990892177177e-04 2.800498963858050346e-04 2.798720422006412763e-04 2.796586431921427329e-04 2.793934238264749598e-04 2.790367147993675669e-04 2.787430007005688593e-04 2.775671912448988716e-04 -2.778470966922960543e-04 -2.764328143339996047e-04 -2.740683022519016000e-04 -2.675373503467040506e-04 -2.684432859389505139e-04 2.969331489517109215e-04 2.885489291100695503e-04 2.859475343009812171e-04 2.849032930935868689e-04 2.837851176139104671e-04 2.833811228677201514e-04 -2.828803904288181839e-04 -2.827637418942635823e-04 -2.825692285514063004e-04 -2.824039776661952067e-04 -2.823315105321314673e-04 -2.820933191979565569e-04 -2.819747353458724581e-04 -2.818522215331190767e-04
-2.396761883717167714e-04 -3.007837281330285857e-04 -9.374326015207433502e-05 1.671853854583643976e-04 2.840406463799387748e-04 -2.839210017469800777e-04 -2.837127577458798061e-04 -2.835305902717848376e-04 2.833692546115516809e-04 2.832203343866283472e-04 2.830772593594054940e-04 2.829345458054009690e-04 2.827867926757010510e-04 2.826276116093132465e-04 2.824480787891178388e-04 2.822337852994329099e-04 2.819579601859450199e-04 2.815619093044435871e-04 2.808818114360604572e-04 2.791981458737675253e-04 2.572837338137477455e-04 2.852223398480577504e-04 2.830977057382353247e-04 2.824711304858247953e-04 2.821653027293878017e-04 2.819760035708650920e-04 2.818380330424915614e-04 2.817198964776507848e-04 2.815871694030339990e-04 2.811973247511107259e-04 2.818847834168716716e-04 2.816511748678080635e-04 2.815634430486809413e-04 2.815010629314629656e-04 2.814473701427036957e-04 -2.813974207226727000e-04 -2.813541827001913914e-04 -2.813093970574144401e-04 -2.812646853913929827e-04 -2.812190154736836736e-04 -2.811700532422506892e-04 -2.811040271217124932e-04 -2.811691138851431281e-04 -2.810694241197914263e-04 -2.810147585295512396e-04 -2.809628895565584035e-04 -2.809103222901125586e-04 -2.808558755985386549e-04 -2.807986914925177774e-04 -2.807370757651511304e-04 -2.806922107203727664e-04 -2.806127769013295266e-04 2.805393502241286204e-04 2.804606740716500683e-04 2.803750412320520319e-04 2.802786353102000800e-04 2.801786083149221027e-04 2.800622434967229776e-04 2.799304026101316059e-04 2.797787421597593247e-04 2.796010426455407261e-04 2.793878175657510746e-04 2.791228011456134200e-04 2.787663438690575306e-04 2.784728660333058727e-04 2.772975744865982918e-04 -2.775778939929401034e-04 -2.761645187289105412e-04 -2.738016911124983963e-04 -2.672755201951197593e-04 -2.681847501850850922e-04 2.966522468411844334e-04 2.882725033978561220e-04 2.856728230267092830e-04 2.846296516625126363e-04 2.835116278916819158e-04 2.831079787187163669e-04 -2.826072431718427828e-04 -2.824910899242626464e-04 -2.822967076903726345e-04 -2.821315746021604213e-04 -2.820592056783844575e-04 -2.818211141571454041e-04 -2.817026123722077865e-04 -2.815801700956713509e-04
-2.401670295823789519e-04 -3.012223653288830004e-04 -9.385746527401338788e-05 1.671561847103519231e-04 2.834621757409974425e-04 -2.833736459402031935e-04 -2.831822376143927752e-04 -2.830125850211912333e-04 2.828619418800771613e-04 2.827229564246839795e-04 2.825896798888678351e-04 2.824571096470708921e-04 2.823203274490529197e-04 2.821735437970271940e-04 2.820087063246237225e-04 2.818128484946620009e-04 2.815619093044435871e-04 2.812031463677225731e-04 2.805892532618143318e-04 2.790719638585334450e-04 2.590799149287538569e-04 2.844606775546998974e-04 2.825608567865088789e-04 2.819965522415623905e-04 2.817188971127019713e-04 2.815452758089957751e-04 2.814171230992597956e-04 2.813056439684176306e-04 2.811777536339731746e-04 2.807922046504857170e-04 2.814804167527702825e-04 2.812493604024197849e-04 2.811633961880132958e-04 2.811024196636821484e-04 2.810499014351442609e-04 -2.810007265556322266e-04 -2.809583723331230353e-04 -2.809142809472859443e-04 -2.808701627976357908e-04 -2.808250089283546467e-04 -2.807765026066569194e-04 -2.807109002392253836e-04 -2.807762032722196910e-04 -2.806768957231182840e-04 -2.806225240375484465e-04 -2.805709172980308335e-04 -2.805185885700440477e-04 -2.804643611680042664e-04 -2.804073805328511477e-04 -2.803459557745349153e-04 -2.803012645067385592e-04 -2.802220052538369720e-04 2.801487447385518355e-04 2.800702325376094957e-04 2.799847701164622947e-04 2.798886234376965422e-04 2.797885310098960463e-04 2.796723701934436773e-04 2.795407044008370269e-04 2.793892231034643642e-04 2.792117158295255044e-04 2.789987043150804610e-04 2.787339342013821892e-04 2.783777787585986312e-04 2.780845811955160330e-04 2.769098519180717734e-04 -2.771907812119955047e-04 -2.757784696431264324e-04 -2.734176633401839171e-04 -2.668973155639480627e-04 -2.678128929874284991e-04 2.962530088373582110e-04 2.878771809310481065e-04 2.852793864958978851e-04 2.842375533500459696e-04 2.831195000014579050e-04 2.827162670916362648e-04 -2.822155583469875624e-04 -2.820999667673961832e-04 -2.819057355268710097e-04 -2.817407399580946310e-04 -2.816684872524018927e-04 -2.814305111790360516e-04 -2.813121051165630025e-04 -2.811897443023659367e-04
