{
 "cells": [
  {
   "cell_type": "markdown",
   "metadata": {},
   "source": [
    "# Navier Stokes Equation Reduced Basis Method \n",
    "Incompressible timedependet Navier Stokes equation\n",
    "\n",
    "Find $(u,p):[0,T] \\to (H_{0,D}^1)^d \\times L^2$, s.t.\n",
    "\n",
    "\\begin{align}\n",
    "\\int_{\\Omega} \\partial_t u \\cdot v + \\int_{\\Omega} \\nu \\nabla u \\nabla v + u \\cdot \\nabla u v - \\int_{\\Omega} \\operatorname{div}(v) p &= \\int f v  && \\forall v \\in (H_{0,D}^1)^d, \\\\ \n",
    "- \\int_{\\Omega} \\operatorname{div}(u) q &= 0 && \\forall q \\in L^2, \\\\\n",
    "\\quad u(t=0) & = u_0\n",
    "\\end{align}"
   ]
  },
  {
   "cell_type": "code",
   "execution_count": 1,
   "metadata": {},
   "outputs": [],
   "source": [
    "from netgen import gui\n",
    "from ngsolve import *\n",
    "from netgen.geom2d import SplineGeometry\n",
    "import scipy.sparse as sp\n",
    "import numpy as np\n",
    "from math import pi"
   ]
  },
  {
   "cell_type": "code",
   "execution_count": 2,
   "metadata": {},
   "outputs": [],
   "source": [
    "from netgen.geom2d import SplineGeometry\n",
    "geo = SplineGeometry()\n",
    "geo.AddRectangle( (0, 0), (2, 0.41), bcs = (\"wall\", \"outlet\", \"wall\", \"inlet\"))\n",
    "geo.AddCircle ( (0.2, 0.2), r=0.05, leftdomain=0, rightdomain=1, bc=\"cyl\")\n",
    "mesh = Mesh( geo.GenerateMesh(maxh=0.08))\n",
    "mesh.Curve(3)\n",
    "Draw(mesh)\n",
    "# viscosity\n",
    "nu = 0.001\n",
    "dt = 0.001\n",
    "\n",
    "T = 1\n",
    "dn = int(T/dt)\n",
    "z = 100  # Number of snapshots"
   ]
  },
  {
   "cell_type": "code",
   "execution_count": 3,
   "metadata": {},
   "outputs": [],
   "source": [
    "k = 3\n",
    "V = VectorH1(mesh,order=k, dirichlet=\"wall|cyl|inlet\", dgjumps=True)\n",
    "Q = H1(mesh,order=k-1)\n",
    "X = FESpace([V,Q])"
   ]
  },
  {
   "cell_type": "code",
   "execution_count": 4,
   "metadata": {},
   "outputs": [],
   "source": [
    "gfu_N = GridFunction(X)\n",
    "gfu = GridFunction(X)\n",
    "velocity = gfu.components[0]\n",
    "\n",
    "\n",
    "uin = CoefficientFunction((1.5*4*y*(0.41-y)/(0.41*0.41),0))\n",
    "gfu.components[0].Set(uin, definedon=mesh.Boundaries(\"inlet\"))\n",
    "\n",
    "Draw(gfu.components[0],mesh,\"gfu\",sd=3)"
   ]
  },
  {
   "cell_type": "code",
   "execution_count": 5,
   "metadata": {},
   "outputs": [],
   "source": [
    "(u,p), (v,q) = X.TnT()\n",
    "\n",
    "a = BilinearForm(X)\n",
    "stokes = (nu*InnerProduct(grad(u),grad(v))-div(u)*q-div(v)*p)*dx\n",
    "a += stokes\n",
    "a.Assemble()\n",
    "\n",
    "f = LinearForm(X)\n",
    "f.Assemble()\n",
    "\n",
    "inv_stokes = a.mat.Inverse(X.FreeDofs())\n",
    "\n",
    "res = f.vec.CreateVector()\n",
    "res.data = f.vec - a.mat*gfu.vec\n",
    "gfu.vec.data += inv_stokes * res"
   ]
  },
  {
   "cell_type": "code",
   "execution_count": 6,
   "metadata": {},
   "outputs": [],
   "source": [
    "# matrix for implicit part of IMEX(1) scheme:\n",
    "mstar = BilinearForm(X)\n",
    "\n",
    "mstar += InnerProduct(u,v)*dx + dt*stokes\n",
    "\n",
    "mstar.Assemble()\n",
    "\n",
    "mh = BilinearForm(X)\n",
    "\n",
    "mh += InnerProduct(u,v)*dx\n",
    "mh.Assemble()\n",
    "\n",
    "inv = mstar.mat.Inverse(X.FreeDofs())\n",
    "\n",
    "\n",
    "conv = LinearForm(X)\n",
    "conv += InnerProduct(grad(velocity)*velocity,v)*dx"
   ]
  },
  {
   "cell_type": "code",
   "execution_count": 7,
   "metadata": {},
   "outputs": [],
   "source": [
    "rows,cols,vals = a.mat.COO()\n",
    "Ah = sp.csr_matrix((vals,(rows,cols)))\n",
    "Fh = f.vec\n",
    "rows,cols,vals = mh.mat.COO()\n",
    "Mh = sp.csr_matrix((vals,(rows,cols)))"
   ]
  },
  {
   "cell_type": "code",
   "execution_count": 8,
   "metadata": {},
   "outputs": [],
   "source": [
    "t = 0\n",
    "tend = 0\n",
    "len_h = len(gfu.components[0].vec)\n",
    "erg_h = np.zeros([len_h,int(dn)+1])\n",
    "conv_h = np.zeros([len_h,int(dn)])\n",
    "V_POD = np.zeros([len_h,z]) # creat the orthogonal transformationsmatrix for the reducebasis method\n",
    "line = np.linspace(0,dn-1,z) # stors the number of linear distributed number of iteration from the solution\n",
    "S_POD = np.zeros([len_h,z])\n",
    "#line = np.linspace(0,z,z) # stors the number of linear distributed number of iteration from the solution\n",
    "#line"
   ]
  },
  {
   "cell_type": "markdown",
   "metadata": {},
   "source": [
    "$\n",
    "M\\bigg(\\frac{u^{n+1}-u^n}{k}\\bigg) + A u^{n+1} +C u^{n} = 0\n",
    "$\n",
    "\n",
    "$\n",
    "M^*\\bigg(u^{n+1}-u^n\\bigg) = -k A u^n - k Cu^n\n",
    "$\n",
    "\n",
    "$\n",
    "M^* = M + kA \n",
    "$"
   ]
  },
  {
   "cell_type": "code",
   "execution_count": 9,
   "metadata": {},
   "outputs": [],
   "source": [
    "# implicit Euler/explicit Euler splitting method:\n",
    "erg_h[:,0] = gfu.components[0].vec\n",
    "S_POD[:,0] = gfu.components[0].vec\n",
    "o = 1\n",
    "e = int(line[o])\n",
    "for i in range(int(dn)):\n",
    "    conv.Assemble()\n",
    "    res.data = a.mat * gfu.vec + conv.vec\n",
    "    gfu.vec.data -= dt * inv * res\n",
    "    \n",
    "    for r in line:\n",
    "        if int(r) == i: #desided which solution will be orthogonalirsed\n",
    "            if i > 0:\n",
    "                S_POD[:,o] = gfu.components[0].vec\n",
    "                o = o + 1\n",
    "    erg_h[:,i+1] = gfu.components[0].vec #stores the solution for comparing later\n",
    "    t = t + dt\n",
    "    Redraw()"
   ]
  },
  {
   "cell_type": "markdown",
   "metadata": {},
   "source": [
    "## POD method\n",
    "A other way to get the transforamtions matrix is the POD method.\n",
    "gifen $\\mathbb{S} = \\{u_h^0,u_h^1,...u_h^{S-1}\\}$ where $S$ ist the number of snapshots.\n",
    "\n",
    "$\n",
    "C = \\mathbb{S}^T\\mathbb{S}\\\\\n",
    "$\n",
    "\n",
    "$\n",
    "C \\in \\mathbb{R}^{S \\times S}\n",
    "$\n",
    "\n",
    "decompose the solution $u_h$ into the mean part $\\bar{u}_h$ and the fluctuation part $\\hat{u}_h$\n",
    "\n",
    "$\\bar{u}_h = \\frac{1}{S} \\sum_{n=0}^{S-1}u_h^n$  $\\,\\,\\,\\,\\,\\, \\bar{u}_h \\in \\mathbb{R}^{Nh \\times S-1}$????\n",
    "\n",
    "and solve the eigenwalueproblem\n",
    "\n",
    "$\n",
    "C\\Omega = \\Omega\\Lambda\\\\\n",
    "\\Lambda = diag[\\lambda_0,...,\\lambda_{S-1}], \\Omega = [\\omega^0,...,\\omega^{S-1}]\n",
    "$\n",
    "\n",
    "$\\lambda_i$ is the $i$th eigenvalue and $\\omega^i$ is the corresponding normalized $i$th eigenvector\n",
    "\n",
    "For a integer $r<<S$ given the $r$th POD basis like:\n",
    "\n",
    "$\n",
    "\\phi_j = \\frac{1}{\\sqrt{\\lambda_j}}\\sum_{n=0}^{r-1}\\omega^j_nu_h^n, \\,\\,\\,\\,\\,\\,\\,\\, j = 0,...,r-1\n",
    "$\n",
    "\n",
    "Frage:\n",
    "For $j=0$  and $r = 3$ the expression becomes to:\n",
    "\n",
    "$\n",
    "\\phi_0 = \\frac{1}{\\sqrt{\\lambda_0}}\\bigg[\\omega_0^0 \\cdot u_h^0 + \\omega_1^0 \\cdot u_h^1 +\\omega_2^0 \\cdot u_h^2\\bigg]\n",
    "$\n",
    "\n",
    "So $\\phi \\in \\mathbb{R}^{N_h\\times r}$\n",
    "\n",
    "To get a orthogonal basis $V = \\{\\phi_0,...\\phi_{r-1}\\}$"
   ]
  },
  {
   "cell_type": "code",
   "execution_count": 10,
   "metadata": {},
   "outputs": [],
   "source": [
    "ubar = np.zeros(len_h)\n",
    "#splitting the snapshotsolution like in the paper\n",
    "for i in range(S_POD.shape[1]):\n",
    "    ubar = ubar + S_POD[:,i]                   \n",
    "ubar = 1/S_POD.shape[1] * ubar \n",
    "for i in range(S_POD.shape[1]):\n",
    "    S_POD[:,i] = S_POD[:,i] - ubar"
   ]
  },
  {
   "cell_type": "code",
   "execution_count": 11,
   "metadata": {},
   "outputs": [
    {
     "name": "stdout",
     "output_type": "stream",
     "text": [
      "[ 1.24765049e-16  0.00000000e+00  0.00000000e+00 ... -1.05922749e-01\n",
      "  2.27022742e-02 -3.49115782e-01]\n"
     ]
    }
   ],
   "source": [
    "print(ubar)"
   ]
  },
  {
   "cell_type": "markdown",
   "metadata": {},
   "source": [
    "## POD_Method paper"
   ]
  },
  {
   "cell_type": "code",
   "execution_count": null,
   "metadata": {},
   "outputs": [],
   "source": [
    "C = np.transpose(S_POD).dot(S_POD)\n",
    "lam,omg = np.linalg.eigh(C)"
   ]
  },
  {
   "cell_type": "code",
   "execution_count": null,
   "metadata": {},
   "outputs": [],
   "source": [
    "lam = np.abs(lam)"
   ]
  },
  {
   "cell_type": "code",
   "execution_count": null,
   "metadata": {},
   "outputs": [],
   "source": [
    "r = 6\n",
    "V_POD = np.zeros([len_h,r])\n",
    "for i in range(r):\n",
    "    for j in range(r):\n",
    "        V_POD[:,i] += omg[j,i]*S_POD[:,j]\n",
    "    V_POD[:,i] = 1/np.sqrt(lam[i]) * V_POD[:,i]"
   ]
  },
  {
   "cell_type": "code",
   "execution_count": null,
   "metadata": {},
   "outputs": [],
   "source": [
    "print(V_POD[:,0].dot(V_POD[:,0]))\n",
    "print(V_POD.shape)"
   ]
  },
  {
   "cell_type": "markdown",
   "metadata": {},
   "source": [
    "## POD_Method RedBasis Book"
   ]
  },
  {
   "cell_type": "code",
   "execution_count": 12,
   "metadata": {},
   "outputs": [],
   "source": [
    "r = 30\n",
    "C = np.transpose(S_POD).dot(S_POD)\n",
    "V_POD = np.zeros([len_h,r])\n",
    "U,Sig,VH = np.linalg.svd(C)\n",
    "VH = np.transpose(VH)\n",
    "for i in range(r):\n",
    "    V_POD[:,i] = 1/(np.sqrt(Sig[i])) * S_POD.dot(VH[:,i])\n"
   ]
  },
  {
   "cell_type": "code",
   "execution_count": 13,
   "metadata": {},
   "outputs": [
    {
     "data": {
      "text/plain": [
       "2.8449465006019636e-16"
      ]
     },
     "execution_count": 13,
     "metadata": {},
     "output_type": "execute_result"
    }
   ],
   "source": [
    "V_POD[:,0].dot(V_POD[:,5])"
   ]
  },
  {
   "cell_type": "markdown",
   "metadata": {},
   "source": [
    "# Offline decomposition\n",
    "\n",
    "$C_h(\\omega,u,v) = \\int_K(\\nabla \\omega \\cdot u): v$\n",
    "\n",
    "$C0_j = C_h(\\bar{u}_h,\\bar{u}_h,\\phi_j)$\n",
    "\n",
    "$C1_{i,j} = C_h(\\bar{u}_h,\\phi_i,\\phi_j) + C_h(\\phi_i,\\bar{u}_h,\\phi_j)$\n",
    "\n",
    "$C_{i,j,k} = C_h(\\phi_i,\\phi_j,\\phi_k)$\n",
    "\n",
    "\n"
   ]
  },
  {
   "cell_type": "code",
   "execution_count": 14,
   "metadata": {},
   "outputs": [],
   "source": [
    "def Ch(wh,uh,vh):\n",
    "    return np.linalg.norm(np.inner(np.outer(wh,uh),np.gradient(vh)))\n",
    "    "
   ]
  },
  {
   "cell_type": "code",
   "execution_count": 15,
   "metadata": {},
   "outputs": [],
   "source": [
    "def Ch_ngsolve(wh,uh,vh):\n",
    "    Ch = 0\n",
    "    u_N = GridFunction(V)\n",
    "    v_N = GridFunction(V)\n",
    "    w_N = GridFunction(V)\n",
    "    w_N.vec.FV().NumPy()[:] = wh\n",
    "    u_N.vec.FV().NumPy()[:] = uh\n",
    "    v_N.vec.FV().NumPy()[:] = vh\n",
    "        \n",
    "    Ch += Integrate(InnerProduct(Grad(w_N)*u_N,v_N),mesh)\n",
    "    \n",
    "    return Ch"
   ]
  },
  {
   "cell_type": "code",
   "execution_count": 16,
   "metadata": {
    "scrolled": false
   },
   "outputs": [],
   "source": [
    "C0 = np.zeros(r)\n",
    "w = ubar\n",
    "u = w \n",
    "for i in range(r):\n",
    "    v = V_POD[:,i]\n",
    "    C0[i] = Ch_ngsolve(w,u,v)\n"
   ]
  },
  {
   "cell_type": "code",
   "execution_count": 17,
   "metadata": {},
   "outputs": [
    {
     "data": {
      "text/plain": [
       "array([-5.17823087e-03, -3.62113580e-06,  1.88441280e-03, -8.74070611e-04,\n",
       "       -1.37511869e-03, -5.23404515e-04,  7.95489017e-05,  1.35739533e-04,\n",
       "       -3.76307666e-04,  6.63993214e-04, -9.34086583e-04,  3.43807834e-04,\n",
       "        2.24116829e-04, -1.87080253e-04,  4.57047999e-04, -5.63959872e-05,\n",
       "        4.24318527e-04,  3.39391588e-05, -1.68931859e-04,  3.89191896e-04,\n",
       "        1.82716445e-04, -8.78189048e-05,  1.98487985e-04, -3.14123298e-04,\n",
       "        1.10366026e-04, -1.04358038e-04,  5.59588231e-05, -4.31239016e-04,\n",
       "        1.83548290e-04,  2.42363979e-04])"
      ]
     },
     "execution_count": 17,
     "metadata": {},
     "output_type": "execute_result"
    }
   ],
   "source": [
    "C0"
   ]
  },
  {
   "cell_type": "code",
   "execution_count": 18,
   "metadata": {},
   "outputs": [],
   "source": [
    "C = np.zeros([r,r,r])\n",
    "for i in range(r):\n",
    "    w = V_POD[:,i]\n",
    "    for j in range(r):\n",
    "        u = V_POD[:,j]\n",
    "        for k in range(r):\n",
    "            v = V_POD[:,k]\n",
    "            C[i,j,k] = Ch_ngsolve(w,u,v)"
   ]
  },
  {
   "cell_type": "code",
   "execution_count": 19,
   "metadata": {},
   "outputs": [],
   "source": [
    "C1 = np.zeros([r,r])\n",
    "for i in range(r):\n",
    "    w = ubar\n",
    "    u = V_POD[:,i]\n",
    "    for j in range(r):\n",
    "        v = V_POD[:,j]\n",
    "        C1[i,j] = Ch_ngsolve(w,u,v)\n",
    "        C1[i,j] += Ch_ngsolve(u,w,v)\n",
    "    "
   ]
  },
  {
   "cell_type": "markdown",
   "metadata": {},
   "source": [
    "$B_h^{dg}(u,v) = \\sum_{T}\\big(\\int_T \\nabla u : \\nabla v dx \\big) - \\int_{\\partial T} (\\{\\{\\nabla u \\}\\}n) \\cdot tang(v) ds - \\int_{\\partial T} (\\{\\{\\nabla v \\}\\}n) \\cdot tang(u) ds + \\int_{\\partial T} \\frac{4k^2}{h}tang([u]) \\cdot tang([v] ds$"
   ]
  },
  {
   "cell_type": "code",
   "execution_count": null,
   "metadata": {},
   "outputs": [],
   "source": [
    "#Integrate(dudx, mesh, definedon=mesh.Boundaries('left'))"
   ]
  },
  {
   "cell_type": "code",
   "execution_count": 20,
   "metadata": {},
   "outputs": [],
   "source": [
    "def Bh_ngsolve(uh,vh):\n",
    "    Bh = 0\n",
    "    u_N = GridFunction(V)\n",
    "    v_N = GridFunction(V)\n",
    "    u_N.vec.FV().NumPy()[:] = uh\n",
    "    v_N.vec.FV().NumPy()[:] = vh\n",
    "    \n",
    "    Bh += Integrate(InnerProduct(Grad(u_N),Grad(v_N)),mesh)\n",
    "    \n",
    "    return Bh"
   ]
  },
  {
   "cell_type": "code",
   "execution_count": 21,
   "metadata": {},
   "outputs": [],
   "source": [
    "B0 = np.zeros(r)\n",
    "u = ubar \n",
    "for i in range(r):\n",
    "    v = V_POD[:,i]\n",
    "    B0[i] = Bh_ngsolve(u,v)"
   ]
  },
  {
   "cell_type": "code",
   "execution_count": 22,
   "metadata": {},
   "outputs": [],
   "source": [
    "B1 = np.zeros([r,r])\n",
    "for i in range(r):\n",
    "    u = V_POD[:,i]\n",
    "    for j in range(r):\n",
    "        v = V_POD[:,j]\n",
    "        B1[i,j] = Bh_ngsolve(u,v)"
   ]
  },
  {
   "cell_type": "code",
   "execution_count": 23,
   "metadata": {},
   "outputs": [
    {
     "data": {
      "text/plain": [
       "array([[ 5.77709474e-02,  1.45455852e-04,  1.06336867e-03,\n",
       "         6.54984811e-03,  7.90212118e-03,  4.55334510e-03,\n",
       "         2.20575162e-03,  1.29306161e-03, -8.33087282e-04,\n",
       "         4.14816423e-03,  7.29062511e-04, -4.10371676e-04,\n",
       "         1.59560396e-03,  1.54233478e-03,  3.52218209e-04,\n",
       "         2.06185216e-03, -1.65731534e-03, -6.40013530e-04,\n",
       "         2.82618213e-03, -2.88083409e-03,  2.54947070e-03,\n",
       "         7.95014917e-04,  3.39699354e-04,  3.53874880e-03,\n",
       "        -1.22522863e-03, -7.37285622e-04,  2.06592374e-03,\n",
       "         2.42557968e-03, -2.89077818e-03, -1.04522820e-03],\n",
       "       [ 1.45455852e-04,  7.06821684e-02, -2.16238834e-03,\n",
       "        -3.93495653e-03, -1.51769671e-03,  3.13936793e-03,\n",
       "         4.21174962e-03, -1.37113530e-02, -7.30372584e-04,\n",
       "         3.49919929e-03,  1.40177100e-03,  4.24044973e-03,\n",
       "        -2.01210973e-03, -2.18177355e-07, -3.06823977e-03,\n",
       "        -1.95282472e-03,  4.41111040e-03, -7.56057661e-04,\n",
       "         4.52142147e-03,  3.17916435e-03, -3.69680473e-04,\n",
       "        -1.29708226e-03, -2.72912324e-03,  7.26106271e-04,\n",
       "        -2.10578036e-03,  2.31730799e-04, -2.27053609e-03,\n",
       "         1.62499678e-04, -1.93706703e-03,  2.31045691e-03],\n",
       "       [ 1.06336867e-03, -2.16238834e-03,  8.57714587e-02,\n",
       "        -6.95077670e-05,  4.38077346e-03, -4.97161854e-03,\n",
       "        -2.67009112e-03,  8.57571580e-03, -6.37005866e-03,\n",
       "         6.42044845e-03, -2.06054442e-03,  6.99392604e-03,\n",
       "         2.79619445e-04, -2.40381878e-04,  3.72005925e-03,\n",
       "         3.28321566e-03,  1.75483607e-03, -2.93189765e-03,\n",
       "        -5.79609072e-04,  2.89062157e-03,  1.41229542e-03,\n",
       "         8.48265180e-04,  8.45771665e-04, -9.67797471e-04,\n",
       "         1.49762249e-03, -2.04267145e-03,  6.17039986e-03,\n",
       "        -2.59592966e-03, -2.50622506e-03,  3.57597423e-03],\n",
       "       [ 6.54984811e-03, -3.93495653e-03, -6.95077670e-05,\n",
       "         4.53509411e-02,  8.07094488e-03,  7.64272694e-04,\n",
       "        -1.40900312e-03,  2.95602257e-03, -1.41230922e-03,\n",
       "         2.39489677e-03,  2.95500032e-03, -3.92477173e-04,\n",
       "         2.99313944e-04,  3.19915946e-03, -8.70817611e-04,\n",
       "         2.21592577e-03, -1.91688422e-03,  8.25032074e-04,\n",
       "         1.40459657e-03, -1.44523943e-03, -6.15378527e-04,\n",
       "         3.08554198e-03, -8.26562597e-04,  4.37364302e-03,\n",
       "        -1.84238909e-03, -1.58550328e-03,  1.35464576e-03,\n",
       "         1.40644328e-03,  4.20926043e-04,  1.41225072e-03],\n",
       "       [ 7.90212118e-03, -1.51769671e-03,  4.38077346e-03,\n",
       "         8.07094488e-03,  5.07028606e-02,  3.40444219e-03,\n",
       "         1.06451881e-03, -8.98646102e-04, -1.76254707e-03,\n",
       "        -2.48613245e-03,  4.90603054e-03,  1.63789034e-03,\n",
       "        -2.56687514e-03,  1.30935830e-03, -2.29366307e-03,\n",
       "         1.50437951e-03,  5.56999651e-04,  1.45740715e-04,\n",
       "         1.21532177e-03, -5.32701354e-04, -2.52085816e-03,\n",
       "         1.79203396e-03, -2.04890297e-03,  5.49231757e-04,\n",
       "         1.51378947e-03,  1.01449317e-03, -2.49581198e-05,\n",
       "         4.01741538e-04, -9.27328852e-04,  1.66043039e-03],\n",
       "       [ 4.55334510e-03,  3.13936793e-03, -4.97161854e-03,\n",
       "         7.64272694e-04,  3.40444219e-03,  4.88621287e-02,\n",
       "        -1.13271916e-03, -4.66805934e-04,  4.52418794e-03,\n",
       "         2.16346059e-04,  5.30311131e-04,  5.85526524e-04,\n",
       "        -2.47925870e-03,  1.15758412e-03, -9.23722904e-04,\n",
       "        -2.03105533e-03, -1.48165004e-03, -2.31033879e-03,\n",
       "         1.64281013e-03,  2.10582144e-03, -1.53405785e-03,\n",
       "        -1.93238724e-03, -6.50860252e-04,  1.16941435e-03,\n",
       "        -2.68998841e-04, -2.56168927e-03, -3.20088059e-04,\n",
       "         1.67235616e-03, -1.14419683e-03,  2.12585401e-03],\n",
       "       [ 2.20575162e-03,  4.21174962e-03, -2.67009112e-03,\n",
       "        -1.40900312e-03,  1.06451881e-03, -1.13271916e-03,\n",
       "         4.81034102e-02,  5.53221233e-04, -3.93636849e-04,\n",
       "         3.13206956e-03, -2.90594817e-03, -2.86492891e-03,\n",
       "         2.19284506e-04,  2.25735575e-04, -4.58298923e-03,\n",
       "         3.14214975e-03,  2.57491781e-03, -3.52928057e-03,\n",
       "         1.02928550e-03,  1.36410331e-03, -1.09924972e-03,\n",
       "         2.21556649e-03,  3.08715247e-04, -8.29251881e-04,\n",
       "        -3.41064122e-03, -1.18265048e-03, -5.25567273e-04,\n",
       "        -2.41641901e-03,  4.50446100e-04, -2.49623764e-03],\n",
       "       [ 1.29306161e-03, -1.37113530e-02,  8.57571580e-03,\n",
       "         2.95602257e-03, -8.98646102e-04, -4.66805934e-04,\n",
       "         5.53221233e-04,  4.88818865e-02, -1.61098879e-03,\n",
       "         3.30077839e-03,  1.96290801e-03, -1.69150227e-03,\n",
       "        -1.61078433e-03,  2.43383841e-03,  2.59902721e-03,\n",
       "         2.03719464e-04,  1.72356972e-03, -4.11822100e-05,\n",
       "        -3.40084632e-04,  1.03893007e-03, -9.48443493e-04,\n",
       "        -8.50465173e-04,  3.17543418e-03, -6.76947532e-04,\n",
       "        -1.51981706e-04, -1.67886913e-03, -5.33954886e-04,\n",
       "        -1.07076208e-03, -5.86236312e-04,  9.12167725e-04],\n",
       "       [-8.33087282e-04, -7.30372584e-04, -6.37005866e-03,\n",
       "        -1.41230922e-03, -1.76254707e-03,  4.52418794e-03,\n",
       "        -3.93636849e-04, -1.61098879e-03,  3.85348552e-02,\n",
       "        -3.50449658e-03, -1.21472754e-03, -1.77032360e-03,\n",
       "        -2.97649906e-04, -1.66496370e-03, -1.30698823e-03,\n",
       "        -2.04709588e-03, -1.86097333e-04,  2.40958962e-04,\n",
       "        -3.71885306e-04, -1.41978743e-03, -2.14479835e-03,\n",
       "        -6.04178276e-05, -5.77427752e-04, -1.96659179e-03,\n",
       "        -4.00766817e-04, -9.66355682e-04, -1.57011366e-03,\n",
       "         1.21793916e-03,  2.52048669e-05, -6.89084526e-04],\n",
       "       [ 4.14816423e-03,  3.49919929e-03,  6.42044845e-03,\n",
       "         2.39489677e-03, -2.48613245e-03,  2.16346059e-04,\n",
       "         3.13206956e-03,  3.30077839e-03, -3.50449658e-03,\n",
       "         4.94831483e-02, -1.62196591e-03, -8.87513071e-04,\n",
       "         2.21212547e-03,  3.58940877e-03, -4.16034284e-04,\n",
       "         8.35977390e-04, -9.66160332e-06, -1.39077618e-03,\n",
       "         4.91896605e-04,  1.28524769e-03,  1.13057272e-03,\n",
       "         3.24381660e-04,  4.53920535e-04, -8.28155345e-05,\n",
       "         1.84280647e-03, -1.63899446e-04,  2.23221130e-03,\n",
       "        -9.75905344e-05, -1.40726409e-03,  2.98679817e-03],\n",
       "       [ 7.29062511e-04,  1.40177100e-03, -2.06054442e-03,\n",
       "         2.95500032e-03,  4.90603054e-03,  5.30311131e-04,\n",
       "        -2.90594817e-03,  1.96290801e-03, -1.21472754e-03,\n",
       "        -1.62196591e-03,  4.52665173e-02, -1.81864208e-03,\n",
       "        -1.50112140e-03,  3.31622652e-03, -2.57618201e-03,\n",
       "        -2.42915578e-03,  1.52845188e-04, -4.44368841e-04,\n",
       "         2.43301092e-04, -4.58293893e-04, -3.57017810e-03,\n",
       "        -1.68246708e-03, -5.21766645e-04, -1.48704167e-03,\n",
       "         1.62680755e-03,  2.23144912e-03,  1.24580928e-03,\n",
       "         6.52996022e-04, -2.96760930e-04,  3.51654355e-03],\n",
       "       [-4.10371676e-04,  4.24044973e-03,  6.99392604e-03,\n",
       "        -3.92477173e-04,  1.63789034e-03,  5.85526524e-04,\n",
       "        -2.86492891e-03, -1.69150227e-03, -1.77032360e-03,\n",
       "        -8.87513071e-04, -1.81864208e-03,  3.98612817e-02,\n",
       "        -6.20110231e-03,  1.01547794e-04,  1.64274999e-03,\n",
       "         2.56258546e-03,  1.27459562e-03,  7.05660401e-04,\n",
       "         1.82435177e-03,  1.11347862e-03,  2.02398476e-03,\n",
       "         3.18933715e-03, -7.70116547e-04,  7.71768675e-04,\n",
       "        -3.52930605e-03, -2.20894791e-03, -1.03016913e-03,\n",
       "        -1.00633750e-03, -2.41253448e-03, -1.00773576e-03],\n",
       "       [ 1.59560396e-03, -2.01210973e-03,  2.79619445e-04,\n",
       "         2.99313944e-04, -2.56687514e-03, -2.47925870e-03,\n",
       "         2.19284506e-04, -1.61078433e-03, -2.97649906e-04,\n",
       "         2.21212547e-03, -1.50112140e-03, -6.20110231e-03,\n",
       "         3.42447067e-02, -1.26611226e-03,  4.65069904e-03,\n",
       "        -9.74783379e-04, -1.92459422e-03,  1.14413517e-03,\n",
       "        -1.02827816e-03, -6.62407988e-04,  2.18654766e-03,\n",
       "        -6.45666648e-04,  6.73283910e-04, -1.88533468e-04,\n",
       "         1.97412219e-03, -4.99479477e-04, -1.03309847e-03,\n",
       "         1.98855360e-04, -4.72966278e-04,  2.27726142e-03],\n",
       "       [ 1.54233478e-03, -2.18177355e-07, -2.40381878e-04,\n",
       "         3.19915946e-03,  1.30935830e-03,  1.15758412e-03,\n",
       "         2.25735575e-04,  2.43383841e-03, -1.66496370e-03,\n",
       "         3.58940877e-03,  3.31622652e-03,  1.01547794e-04,\n",
       "        -1.26611226e-03,  3.05278036e-02, -4.07723724e-03,\n",
       "         1.26621466e-03,  1.02493143e-03, -9.99632194e-04,\n",
       "         1.43128157e-03,  2.01998323e-03, -6.03892000e-04,\n",
       "         1.47718248e-03,  6.60633829e-05, -1.07860548e-03,\n",
       "         1.26098752e-03,  1.57172764e-03,  1.94907037e-03,\n",
       "         1.62424128e-03,  2.20836181e-05,  2.42171884e-03],\n",
       "       [ 3.52218209e-04, -3.06823977e-03,  3.72005925e-03,\n",
       "        -8.70817611e-04, -2.29366307e-03, -9.23722904e-04,\n",
       "        -4.58298923e-03,  2.59902721e-03, -1.30698823e-03,\n",
       "        -4.16034284e-04, -2.57618201e-03,  1.64274999e-03,\n",
       "         4.65069904e-03, -4.07723724e-03,  3.54847285e-02,\n",
       "        -1.25359468e-03,  2.47806048e-03,  2.73525729e-03,\n",
       "        -8.12589165e-04, -1.56497790e-03,  2.59916822e-03,\n",
       "        -1.83907495e-03,  1.67234116e-03, -1.50088482e-04,\n",
       "         2.00415688e-03, -2.01163624e-03,  3.09812754e-04,\n",
       "        -2.54362982e-03,  7.41570551e-04, -1.61021199e-03],\n",
       "       [ 2.06185216e-03, -1.95282472e-03,  3.28321566e-03,\n",
       "         2.21592577e-03,  1.50437951e-03, -2.03105533e-03,\n",
       "         3.14214975e-03,  2.03719464e-04, -2.04709588e-03,\n",
       "         8.35977390e-04, -2.42915578e-03,  2.56258546e-03,\n",
       "        -9.74783379e-04,  1.26621466e-03, -1.25359468e-03,\n",
       "         3.09472864e-02, -1.98706730e-03,  2.51400954e-03,\n",
       "         8.19405322e-05,  4.00177535e-04, -8.74164197e-04,\n",
       "         2.69394918e-03, -6.63998019e-04,  4.06408118e-04,\n",
       "        -2.48618833e-03, -3.80305515e-04,  1.46448010e-03,\n",
       "         8.75898914e-04, -4.65447045e-04, -1.87490237e-03],\n",
       "       [-1.65731534e-03,  4.41111040e-03,  1.75483607e-03,\n",
       "        -1.91688422e-03,  5.56999651e-04, -1.48165004e-03,\n",
       "         2.57491781e-03,  1.72356972e-03, -1.86097333e-04,\n",
       "        -9.66160332e-06,  1.52845188e-04,  1.27459562e-03,\n",
       "        -1.92459422e-03,  1.02493143e-03,  2.47806048e-03,\n",
       "        -1.98706730e-03,  3.00259083e-02, -1.87578947e-03,\n",
       "         3.61692427e-03, -1.09736692e-04,  4.35395744e-04,\n",
       "        -2.12054676e-04,  2.01238486e-03,  6.22927640e-05,\n",
       "         4.68823036e-04, -5.74019873e-04,  7.61645868e-05,\n",
       "        -8.60561030e-04,  3.34096134e-03, -8.70846878e-04],\n",
       "       [-6.40013530e-04, -7.56057661e-04, -2.93189765e-03,\n",
       "         8.25032074e-04,  1.45740715e-04, -2.31033879e-03,\n",
       "        -3.52928057e-03, -4.11822100e-05,  2.40958962e-04,\n",
       "        -1.39077618e-03, -4.44368841e-04,  7.05660401e-04,\n",
       "         1.14413517e-03, -9.99632194e-04,  2.73525729e-03,\n",
       "         2.51400954e-03, -1.87578947e-03,  2.69508723e-02,\n",
       "        -4.21847083e-03,  1.88077654e-03,  1.47312994e-03,\n",
       "         1.21398775e-03,  1.20278224e-03,  1.35138969e-03,\n",
       "         5.29534195e-04,  1.58706120e-03, -1.05740739e-04,\n",
       "        -6.82316940e-04, -2.63727861e-04, -2.54326790e-03],\n",
       "       [ 2.82618213e-03,  4.52142147e-03, -5.79609072e-04,\n",
       "         1.40459657e-03,  1.21532177e-03,  1.64281013e-03,\n",
       "         1.02928550e-03, -3.40084632e-04, -3.71885306e-04,\n",
       "         4.91896605e-04,  2.43301092e-04,  1.82435177e-03,\n",
       "        -1.02827816e-03,  1.43128157e-03, -8.12589165e-04,\n",
       "         8.19405322e-05,  3.61692427e-03, -4.21847083e-03,\n",
       "         2.90681623e-02, -3.72038452e-03,  1.61519062e-03,\n",
       "         1.30777018e-03, -1.13134120e-04, -1.38816728e-03,\n",
       "         2.23472368e-04, -6.00305019e-04, -1.79535724e-03,\n",
       "        -1.51575934e-03, -8.11889657e-04,  2.00173134e-03],\n",
       "       [-2.88083409e-03,  3.17916435e-03,  2.89062157e-03,\n",
       "        -1.44523943e-03, -5.32701354e-04,  2.10582144e-03,\n",
       "         1.36410331e-03,  1.03893007e-03, -1.41978743e-03,\n",
       "         1.28524769e-03, -4.58293893e-04,  1.11347862e-03,\n",
       "        -6.62407988e-04,  2.01998323e-03, -1.56497790e-03,\n",
       "         4.00177535e-04, -1.09736692e-04,  1.88077654e-03,\n",
       "        -3.72038452e-03,  2.88860753e-02, -4.35082157e-03,\n",
       "         9.48874851e-04,  5.59600502e-04, -1.34341129e-03,\n",
       "         1.39981381e-03,  2.19746518e-03,  1.56263616e-03,\n",
       "         3.30274851e-04, -2.31761010e-03,  9.62056642e-04],\n",
       "       [ 2.54947070e-03, -3.69680473e-04,  1.41229542e-03,\n",
       "        -6.15378527e-04, -2.52085816e-03, -1.53405785e-03,\n",
       "        -1.09924972e-03, -9.48443493e-04, -2.14479835e-03,\n",
       "         1.13057272e-03, -3.57017810e-03,  2.02398476e-03,\n",
       "         2.18654766e-03, -6.03892000e-04,  2.59916822e-03,\n",
       "        -8.74164197e-04,  4.35395744e-04,  1.47312994e-03,\n",
       "         1.61519062e-03, -4.35082157e-03,  2.67127015e-02,\n",
       "        -2.90621257e-03,  2.19208148e-03,  1.84166837e-03,\n",
       "         1.10504185e-03, -3.89354821e-04,  1.07797254e-03,\n",
       "        -3.50494668e-03,  4.24198989e-04,  1.36575439e-03],\n",
       "       [ 7.95014917e-04, -1.29708226e-03,  8.48265180e-04,\n",
       "         3.08554198e-03,  1.79203396e-03, -1.93238724e-03,\n",
       "         2.21556649e-03, -8.50465173e-04, -6.04178276e-05,\n",
       "         3.24381660e-04, -1.68246708e-03,  3.18933715e-03,\n",
       "        -6.45666648e-04,  1.47718248e-03, -1.83907495e-03,\n",
       "         2.69394918e-03, -2.12054676e-04,  1.21398775e-03,\n",
       "         1.30777018e-03,  9.48874851e-04, -2.90621257e-03,\n",
       "         2.51532872e-02, -4.84091126e-03,  1.66352758e-03,\n",
       "        -3.75919470e-03, -9.45264914e-04, -4.39771814e-04,\n",
       "        -1.65891973e-03, -2.93567934e-03, -3.23022744e-03],\n",
       "       [ 3.39699354e-04, -2.72912324e-03,  8.45771665e-04,\n",
       "        -8.26562597e-04, -2.04890297e-03, -6.50860252e-04,\n",
       "         3.08715247e-04,  3.17543418e-03, -5.77427752e-04,\n",
       "         4.53920535e-04, -5.21766645e-04, -7.70116547e-04,\n",
       "         6.73283910e-04,  6.60633829e-05,  1.67234116e-03,\n",
       "        -6.63998019e-04,  2.01238486e-03,  1.20278224e-03,\n",
       "        -1.13134120e-04,  5.59600502e-04,  2.19208148e-03,\n",
       "        -4.84091126e-03,  2.24095635e-02, -3.53121961e-03,\n",
       "         6.99561398e-04, -1.85834346e-03,  9.26410186e-04,\n",
       "         7.56439375e-04,  5.22589701e-04,  3.08243294e-03],\n",
       "       [ 3.53874880e-03,  7.26106271e-04, -9.67797471e-04,\n",
       "         4.37364302e-03,  5.49231757e-04,  1.16941435e-03,\n",
       "        -8.29251881e-04, -6.76947532e-04, -1.96659179e-03,\n",
       "        -8.28155345e-05, -1.48704167e-03,  7.71768675e-04,\n",
       "        -1.88533468e-04, -1.07860548e-03, -1.50088482e-04,\n",
       "         4.06408118e-04,  6.22927640e-05,  1.35138969e-03,\n",
       "        -1.38816728e-03, -1.34341129e-03,  1.84166837e-03,\n",
       "         1.66352758e-03, -3.53121961e-03,  2.18865657e-02,\n",
       "         1.93858189e-03,  7.45902256e-06,  3.52079889e-03,\n",
       "         9.02859115e-04,  1.58685780e-03, -8.45309982e-04],\n",
       "       [-1.22522863e-03, -2.10578036e-03,  1.49762249e-03,\n",
       "        -1.84238909e-03,  1.51378947e-03, -2.68998841e-04,\n",
       "        -3.41064122e-03, -1.51981706e-04, -4.00766817e-04,\n",
       "         1.84280647e-03,  1.62680755e-03, -3.52930605e-03,\n",
       "         1.97412219e-03,  1.26098752e-03,  2.00415688e-03,\n",
       "        -2.48618833e-03,  4.68823036e-04,  5.29534195e-04,\n",
       "         2.23472368e-04,  1.39981381e-03,  1.10504185e-03,\n",
       "        -3.75919470e-03,  6.99561398e-04,  1.93858189e-03,\n",
       "         2.90240283e-02, -1.37224532e-03,  2.54118025e-03,\n",
       "         4.02654153e-03,  7.52546336e-05,  3.71172867e-03],\n",
       "       [-7.37285622e-04,  2.31730799e-04, -2.04267145e-03,\n",
       "        -1.58550328e-03,  1.01449317e-03, -2.56168927e-03,\n",
       "        -1.18265048e-03, -1.67886913e-03, -9.66355682e-04,\n",
       "        -1.63899446e-04,  2.23144912e-03, -2.20894791e-03,\n",
       "        -4.99479477e-04,  1.57172764e-03, -2.01163624e-03,\n",
       "        -3.80305515e-04, -5.74019873e-04,  1.58706120e-03,\n",
       "        -6.00305019e-04,  2.19746518e-03, -3.89354821e-04,\n",
       "        -9.45264914e-04, -1.85834346e-03,  7.45902256e-06,\n",
       "        -1.37224532e-03,  2.54032126e-02,  1.85053843e-03,\n",
       "         2.92761100e-03,  4.90032715e-03, -4.51074016e-04],\n",
       "       [ 2.06592374e-03, -2.27053609e-03,  6.17039986e-03,\n",
       "         1.35464576e-03, -2.49581198e-05, -3.20088059e-04,\n",
       "        -5.25567273e-04, -5.33954886e-04, -1.57011366e-03,\n",
       "         2.23221130e-03,  1.24580928e-03, -1.03016913e-03,\n",
       "        -1.03309847e-03,  1.94907037e-03,  3.09812754e-04,\n",
       "         1.46448010e-03,  7.61645868e-05, -1.05740739e-04,\n",
       "        -1.79535724e-03,  1.56263616e-03,  1.07797254e-03,\n",
       "        -4.39771814e-04,  9.26410186e-04,  3.52079889e-03,\n",
       "         2.54118025e-03,  1.85053843e-03,  2.46767868e-02,\n",
       "         3.09109563e-03, -1.66291564e-03,  4.73089728e-03],\n",
       "       [ 2.42557968e-03,  1.62499678e-04, -2.59592966e-03,\n",
       "         1.40644328e-03,  4.01741538e-04,  1.67235616e-03,\n",
       "        -2.41641901e-03, -1.07076208e-03,  1.21793916e-03,\n",
       "        -9.75905344e-05,  6.52996022e-04, -1.00633750e-03,\n",
       "         1.98855360e-04,  1.62424128e-03, -2.54362982e-03,\n",
       "         8.75898914e-04, -8.60561030e-04, -6.82316940e-04,\n",
       "        -1.51575934e-03,  3.30274851e-04, -3.50494668e-03,\n",
       "        -1.65891973e-03,  7.56439375e-04,  9.02859115e-04,\n",
       "         4.02654153e-03,  2.92761100e-03,  3.09109563e-03,\n",
       "         2.31278981e-02, -3.76970603e-03,  4.09968725e-03],\n",
       "       [-2.89077818e-03, -1.93706703e-03, -2.50622506e-03,\n",
       "         4.20926043e-04, -9.27328852e-04, -1.14419683e-03,\n",
       "         4.50446100e-04, -5.86236312e-04,  2.52048669e-05,\n",
       "        -1.40726409e-03, -2.96760930e-04, -2.41253448e-03,\n",
       "        -4.72966278e-04,  2.20836181e-05,  7.41570551e-04,\n",
       "        -4.65447045e-04,  3.34096134e-03, -2.63727861e-04,\n",
       "        -8.11889657e-04, -2.31761010e-03,  4.24198989e-04,\n",
       "        -2.93567934e-03,  5.22589701e-04,  1.58685780e-03,\n",
       "         7.52546336e-05,  4.90032715e-03, -1.66291564e-03,\n",
       "        -3.76970603e-03,  2.72560696e-02,  1.64918974e-04],\n",
       "       [-1.04522820e-03,  2.31045691e-03,  3.57597423e-03,\n",
       "         1.41225072e-03,  1.66043039e-03,  2.12585401e-03,\n",
       "        -2.49623764e-03,  9.12167725e-04, -6.89084526e-04,\n",
       "         2.98679817e-03,  3.51654355e-03, -1.00773576e-03,\n",
       "         2.27726142e-03,  2.42171884e-03, -1.61021199e-03,\n",
       "        -1.87490237e-03, -8.70846878e-04, -2.54326790e-03,\n",
       "         2.00173134e-03,  9.62056642e-04,  1.36575439e-03,\n",
       "        -3.23022744e-03,  3.08243294e-03, -8.45309982e-04,\n",
       "         3.71172867e-03, -4.51074016e-04,  4.73089728e-03,\n",
       "         4.09968725e-03,  1.64918974e-04,  3.10694540e-02]])"
      ]
     },
     "execution_count": 23,
     "metadata": {},
     "output_type": "execute_result"
    }
   ],
   "source": [
    "B1"
   ]
  },
  {
   "cell_type": "code",
   "execution_count": 24,
   "metadata": {},
   "outputs": [],
   "source": [
    "def Mh_ngsolve(uh,vh):\n",
    "    Mh = 0\n",
    "    u_N = GridFunction(V)\n",
    "    v_N = GridFunction(V)\n",
    "    u_N.vec.FV().NumPy()[:] = uh\n",
    "    v_N.vec.FV().NumPy()[:] = vh\n",
    "    \n",
    "    Mh += Integrate(InnerProduct(u_N,v_N),mesh)\n",
    "    \n",
    "    return Mh"
   ]
  },
  {
   "cell_type": "code",
   "execution_count": 25,
   "metadata": {},
   "outputs": [],
   "source": [
    "M1 = np.zeros([r,r])\n",
    "for i in range(r):\n",
    "    u = V_POD[:,i]\n",
    "    for j in range(r):\n",
    "        v = V_POD[:,j]\n",
    "        M1[i,j] = Mh_ngsolve(u,v)"
   ]
  },
  {
   "cell_type": "code",
   "execution_count": 26,
   "metadata": {},
   "outputs": [
    {
     "data": {
      "text/plain": [
       "array([[ 5.45380439e-05,  6.36868456e-07,  7.37644385e-07,\n",
       "         1.08634969e-05,  2.35592866e-05,  5.29746757e-06,\n",
       "         2.65830427e-06, -1.87437688e-06, -7.02494455e-07,\n",
       "         1.89962517e-06,  1.08310322e-06, -1.75717353e-06,\n",
       "         1.79927793e-06,  1.17127438e-06, -4.22676525e-07,\n",
       "         2.01998967e-06, -1.91748953e-06, -6.41630151e-07,\n",
       "         2.68573299e-06, -3.14336341e-06,  1.32896380e-06,\n",
       "         7.03074638e-07, -4.24787891e-07,  3.55345666e-06,\n",
       "        -3.26917965e-07,  2.64507859e-08,  1.95818099e-06,\n",
       "         3.47924615e-06, -3.32095439e-06, -9.63711033e-07],\n",
       "       [ 6.36868456e-07,  7.88263559e-05, -4.13899261e-06,\n",
       "        -6.66881359e-06, -6.07427669e-07,  5.51914260e-06,\n",
       "         9.43165316e-06, -2.40861511e-05, -3.75462304e-06,\n",
       "         4.76967511e-06,  5.97012035e-06,  9.14788127e-06,\n",
       "        -3.06686686e-06,  6.96950455e-07, -2.53509761e-06,\n",
       "        -2.67198179e-06,  7.94193690e-06, -1.20637987e-06,\n",
       "         5.51650123e-06,  6.04035206e-06,  2.91930133e-07,\n",
       "        -1.12346003e-06, -2.15727343e-06,  8.13349011e-07,\n",
       "        -1.84335172e-06, -8.40526704e-08, -4.35372268e-07,\n",
       "        -2.30936784e-07, -2.55081447e-06,  3.49849729e-06],\n",
       "       [ 7.37644385e-07, -4.13899261e-06,  1.03855209e-04,\n",
       "         1.61058958e-07,  7.03360835e-06, -1.16329253e-05,\n",
       "        -5.70682294e-06,  1.58579538e-05, -1.21656650e-05,\n",
       "         1.64513229e-05, -4.60315010e-06,  1.55703296e-05,\n",
       "        -2.75937698e-06,  2.62859717e-06,  4.29588981e-06,\n",
       "         5.56936661e-06,  5.96264901e-06, -4.01349087e-06,\n",
       "         2.05210205e-06,  5.49241208e-06,  2.43780584e-06,\n",
       "         3.10645173e-06,  2.68313126e-06, -1.66709110e-06,\n",
       "         1.70068102e-06, -3.78449313e-06,  8.49004230e-06,\n",
       "        -3.86242425e-06, -4.95041270e-06,  5.78802947e-06],\n",
       "       [ 1.08634969e-05, -6.66881359e-06,  1.61058958e-07,\n",
       "         2.48135979e-05,  9.28433843e-06,  5.55539878e-07,\n",
       "        -7.52840802e-07,  4.13413076e-06, -8.49366206e-07,\n",
       "         1.51720575e-06,  2.43224159e-06, -7.37665884e-09,\n",
       "        -8.04357295e-07,  2.48553209e-06, -9.20246394e-07,\n",
       "         2.03962600e-06, -2.19041933e-06,  7.55617792e-07,\n",
       "         4.87611213e-07, -1.44872489e-06, -1.04138639e-07,\n",
       "         2.07442822e-06, -8.07147073e-07,  3.17924396e-06,\n",
       "        -9.10519169e-07, -6.54812504e-07,  1.00608509e-06,\n",
       "         8.64869264e-07,  2.28627734e-07,  4.68100205e-07],\n",
       "       [ 2.35592866e-05, -6.07427669e-07,  7.03360835e-06,\n",
       "         9.28433843e-06,  4.91859180e-05,  3.74922211e-06,\n",
